0.0 0.0 0.0 0.0 0.0 0.0 0.0 0.0 0.0 0.0 0.0 0.0 0.0 0.0 0.0 0.0 0.0 0.0 0.0 0.0 0.0 0.0 0.0 0.0 0.0 0.0 0.0 0.0 0.0 0.0 0.0 0.0 0.0 0.0 0.0 0.0 0.0 0.0 0.0 0.0 0.0 0.0 0.0 0.0 0.0 0.0 0.0 0.0 0.0 0.0 0.0 0.0 0.0 0.0 0.0 0.0 0.0 0.0 0.0 0.0 0.0 0.0 0.0 0.0 0.0 0.0 0.0 0.0 0.0 0.0 0.0 0.0 0.0 0.0 0.0 0.0 0.0 0.0 0.0 0.0 0.0 0.0 0.0 0.0 0.0 0.0 0.0 0.0 0.0 0.0 0.0 0.0 0.0 0.0 0.0 0.0 0.0 0.0 0.0 0.0 0.0 0.0 0.0 0.0 0.0 0.0 0.0 0.0 0.0 0.0 0.0 0.0 0.0 0.0 0.0 0.0 0.0 0.0 0.0 0.0 0.0 0.0 0.0 0.0 0.0 0.0 0.0 0.0 
0.0 0.0 0.0 0.0 0.0 0.0 0.0 0.0 0.0 0.0 0.0 0.0 0.0 0.0 0.0 0.0 0.0 0.0 0.0 0.0 0.0 0.0 0.0 0.0 0.0 0.0 0.0 0.0 0.0 0.0 0.0 0.0 0.0 0.0 0.0 0.0 0.0 0.0 0.0 0.0 0.0 0.0 0.0 0.0 0.0 0.0 0.0 0.0 0.0 0.0 0.0 0.0 0.0 0.0 0.0 0.0 0.0 0.0 0.0 0.0 0.0 0.0 0.0 0.0 0.0 0.0 0.0 0.0 0.0 0.0 0.0 0.0 0.0 0.0 0.0 0.0 0.0 0.0 0.0 0.0 0.0 0.0 0.0 0.0 0.0 0.0 0.0 0.0 0.0 0.0 0.0 0.0 0.0 0.0 0.0 0.0 0.0 0.0 0.0 0.0 0.0 0.0 0.0 0.0 0.0 0.0 0.0 0.0 0.0 0.0 0.0 0.0 0.0 0.0 0.0 0.0 0.0 0.0 0.0 0.0 0.0 0.0 0.0 0.0 0.0 0.0 0.0 0.0 
0.0 0.0 0.0 0.0 0.0 0.0 0.0 0.0 0.0 0.0 0.0 0.0 0.0 0.0 0.0 0.0 0.0 0.0 0.0 0.0 0.0 0.0 0.0 0.0 0.0 0.0 0.0 0.0 0.0 0.0 0.0 0.0 0.0 0.0 0.0 0.0 0.0 0.0 0.0 0.0 0.0 0.0 0.0 0.0 0.0 0.0 0.0 0.0 0.0 0.0 0.0 0.0 0.0 0.0 0.0 0.0 0.0 0.0 0.0 0.0 0.0 0.0 0.0 0.0 0.0 0.0 0.0 0.0 0.0 0.0 0.0 0.0 0.0 0.0 0.0 0.0 0.0 0.0 0.0 0.0 0.0 0.0 0.0 0.0 0.0 0.0 0.0 0.0 0.0 0.0 0.0 0.0 0.0 0.0 0.0 0.0 0.0 0.0 0.0 0.0 0.0 0.0 0.0 0.0 0.0 0.0 0.0 0.0 0.0 0.0 0.0 0.0 0.0 0.0 0.0 0.0 0.0 0.0 0.0 0.0 0.0 0.0 0.0 0.0 0.0 0.0 0.0 0.0 
0.0 0.0 0.0 0.0 0.0 0.0 0.0 0.0 0.0 0.0 0.0 0.0 0.0 0.0 0.0 0.0 0.0 0.0 0.0 0.0 0.0 0.0 0.0 0.0 0.0 0.0 0.0 0.0 0.0 0.0 0.0 0.0 0.0 0.0 0.0 0.0 0.0 0.0 0.0 0.0 0.0 0.0 0.0 0.0 0.0 0.0 0.0 0.0 0.0 0.0 0.0 0.0 0.0 0.0 0.0 0.0 0.0 0.0 0.0 0.0 0.0 0.0 0.0 0.0 0.0 0.0 0.0 0.0 0.0 0.0 0.0 0.0 0.0 0.0 0.0 0.0 0.0 0.0 0.0 0.0 0.0 0.0 0.0 0.0 0.0 0.0 0.0 0.0 0.0 0.0 0.0 0.0 0.0 0.0 0.0 0.0 0.0 0.0 0.0 0.0 0.0 0.0 0.0 0.0 0.0 0.0 0.0 0.0 0.0 0.0 0.0 0.0 0.0 0.0 0.0 0.0 0.0 0.0 0.0 0.0 0.0 0.0 0.0 0.0 0.0 0.0 0.0 0.0 
0.0 0.0 0.0 0.0 0.0 0.0 0.0 0.0 0.0 0.0 0.0 0.0 0.0 0.0 0.0 0.0 0.0 0.0 0.0 0.0 0.0 0.0 0.0 0.0 0.0 0.0 0.0 0.0 0.0 0.0 0.0 0.0 0.0 0.0 0.0 0.0 0.0 0.0 0.0 0.0 0.0 0.0 0.0 0.0 0.0 0.0 0.0 0.0 0.0 0.0 0.0 0.0 0.0 0.0 0.0 0.0 0.0 0.0 0.0 0.0 0.0 0.0 0.0 0.0 0.0 0.0 0.0 0.0 0.0 0.0 0.0 0.0 0.0 0.0 0.0 0.0 0.0 0.0 0.0 0.0 0.0 0.0 0.0 0.0 0.0 0.0 0.0 0.0 0.0 0.0 0.0 0.0 0.0 0.0 0.0 0.0 0.0 0.0 0.0 0.0 0.0 0.0 0.0 0.0 0.0 0.0 0.0 0.0 0.0 0.0 0.0 0.0 0.0 0.0 0.0 0.0 0.0 0.0 0.0 0.0 0.0 0.0 0.0 0.0 0.0 0.0 0.0 0.0 
0.0 0.0 0.0 0.0 0.0 0.0 0.0 0.0 0.0 0.0 0.0 0.0 0.0 0.0 0.0 0.0 0.0 0.0 0.0 0.0 0.0 0.0 0.0 0.0 0.0 0.0 0.0 0.0 0.0 0.0 0.0 0.0 0.0 0.0 0.0 0.0 0.0 0.0 0.0 0.0 0.0 0.0 0.0 0.0 0.0 0.0 0.0 0.0 0.0 0.0 0.0 0.0 0.0 0.0 0.0 0.0 0.0 0.0 0.0 0.0 0.0 0.0 0.0 0.0 0.0 0.0 0.0 0.0 0.0 0.0 0.0 0.0 0.0 0.0 0.0 0.0 0.0 0.0 0.0 0.0 0.0 0.0 0.0 0.0 0.0 0.0 0.0 0.0 0.0 0.0 0.0 0.0 0.0 0.0 0.0 0.0 0.0 0.0 0.0 0.0 0.0 0.0 0.0 0.0 0.0 0.0 0.0 0.0 0.0 0.0 0.0 0.0 0.0 0.0 0.0 0.0 0.0 0.0 0.0 0.0 0.0 0.0 0.0 0.0 0.0 0.0 0.0 0.0 
0.0 0.0 0.0 0.0 0.0 0.0 0.0 0.0 0.0 0.0 0.0 0.0 0.0 0.0 0.0 0.0 0.0 0.0 0.0 0.0 0.0 0.0 0.0 0.0 0.0 0.0 0.0 0.0 0.0 0.0 0.0 0.0 0.0 0.0 0.0 0.0 0.0 0.0 0.0 0.0 0.0 0.0 0.0 0.0 0.0 0.0 0.0 0.0 0.0 0.0 0.0 0.0 0.0 0.0 0.0 0.0 0.0 0.0 0.0 0.0 0.0 0.0 0.0 0.0 0.0 0.0 0.0 0.0 0.0 0.0 0.0 0.0 0.0 0.0 0.0 0.0 0.0 0.0 0.0 0.0 0.0 0.0 0.0 0.0 0.0 0.0 0.0 0.0 0.0 0.0 0.0 0.0 0.0 0.0 0.0 0.0 0.0 0.0 0.0 0.0 0.0 0.0 0.0 0.0 0.0 0.0 0.0 0.0 0.0 0.0 0.0 0.0 0.0 0.0 0.0 0.0 0.0 0.0 0.0 0.0 0.0 0.0 0.0 0.0 0.0 0.0 0.0 0.0 
0.0 0.0 0.0 0.0 0.0 0.0 0.0 0.0 0.0 0.0 0.0 0.0 0.0 0.0 0.0 0.0 0.0 0.0 0.0 0.0 0.0 0.0 0.0 0.0 0.0 0.0 0.0 0.0 0.0 0.0 0.0 0.0 0.0 0.0 0.0 0.0 0.0 0.0 0.0 0.0 0.0 0.0 0.0 0.0 0.0 0.0 0.0 0.0 0.0 0.0 0.0 0.0 0.0 0.0 0.0 0.0 0.0 0.0 0.0 0.0 0.0 0.0 0.0 0.0 0.0 0.0 0.0 0.0 0.0 0.0 0.0 0.0 0.0 0.0 0.0 0.0 0.0 0.0 0.0 0.0 0.0 0.0 0.0 0.0 0.0 0.0 0.0 0.0 0.0 0.0 0.0 0.0 0.0 0.0 0.0 0.0 0.0 0.0 0.0 0.0 0.0 0.0 0.0 0.0 0.0 0.0 0.0 0.0 0.0 0.0 0.0 0.0 0.0 0.0 0.0 0.0 0.0 0.0 0.0 0.0 0.0 0.0 0.0 0.0 0.0 0.0 0.0 0.0 
0.0 0.0 0.0 0.0 0.0 0.0 0.0 0.0 0.0 0.0 0.0 0.0 0.0 0.0 0.0 0.0 0.0 0.0 0.0 0.0 0.0 0.0 0.0 0.0 0.0 0.0 0.0 0.0 0.0 0.0 0.0 0.0 0.0 0.0 0.0 0.0 0.0 0.0 0.0 0.0 0.0 0.0 0.0 0.0 0.0 0.0 0.0 0.0 0.0 0.0 0.0 0.0 0.0 0.0 0.0 0.0 0.0 0.0 0.0 0.0 0.0 0.0 0.0 0.0 0.0 0.0 0.0 0.0 0.0 0.0 0.0 0.0 0.0 0.0 0.0 0.0 0.0 0.0 0.0 0.0 0.0 0.0 0.0 0.0 0.0 0.0 0.0 0.0 0.0 0.0 0.0 0.0 0.0 0.0 0.0 0.0 0.0 0.0 0.0 0.0 0.0 0.0 0.0 0.0 0.0 0.0 0.0 0.0 0.0 0.0 0.0 0.0 0.0 0.0 0.0 0.0 0.0 0.0 0.0 0.0 0.0 0.0 0.0 0.0 0.0 0.0 0.0 0.0 
0.0 0.0 0.0 0.0 0.0 0.0 0.0 0.0 0.0 0.0 0.0 0.0 0.0 0.0 0.0 0.0 0.0 0.0 0.0 0.0 0.0 0.0 0.0 0.0 0.0 0.0 0.0 0.0 0.0 0.0 0.0 0.0 0.0 0.0 0.0 0.0 0.0 0.0 0.0 0.0 0.0 0.0 0.0 0.0 0.0 0.0 0.0 0.0 0.0 0.0 0.0 0.0 0.0 0.0 0.0 0.0 0.0 0.0 0.0 0.0 0.0 0.0 0.0 0.0 0.0 0.0 0.0 0.0 0.0 0.0 0.0 0.0 0.0 0.0 0.0 0.0 0.0 0.0 0.0 0.0 0.0 0.0 0.0 0.0 0.0 0.0 0.0 0.0 0.0 0.0 0.0 0.0 0.0 0.0 0.0 0.0 0.0 0.0 0.0 0.0 0.0 0.0 0.0 0.0 0.0 0.0 0.0 0.0 0.0 0.0 0.0 0.0 0.0 0.0 0.0 0.0 0.0 0.0 0.0 0.0 0.0 0.0 0.0 0.0 0.0 0.0 0.0 0.0 
0.0 0.0 0.0 0.0 0.0 0.0 0.0 0.0 0.0 0.0 0.0 0.0 0.0 0.0 0.0 0.0 0.0 0.0 0.0 0.0 0.0 0.0 0.0 0.0 0.0 0.0 0.0 0.0 0.0 0.0 0.0 0.0 0.0 0.0 0.0 0.0 0.0 0.0 0.0 0.0 0.0 0.0 0.0 0.0 0.0 0.0 0.0 0.0 0.0 0.0 0.0 0.0 0.0 0.0 0.0 0.0 0.0 0.0 0.0 0.0 0.0 0.0 0.0 0.0 0.0 0.0 0.0 0.0 0.0 0.0 0.0 0.0 0.0 0.0 0.0 0.0 0.0 0.0 0.0 0.0 0.0 0.0 0.0 0.0 0.0 0.0 0.0 0.0 0.0 0.0 0.0 0.0 0.0 0.0 0.0 0.0 0.0 0.0 0.0 0.0 0.0 0.0 0.0 0.0 0.0 0.0 0.0 0.0 0.0 0.0 0.0 0.0 0.0 0.0 0.0 0.0 0.0 0.0 0.0 0.0 0.0 0.0 0.0 0.0 0.0 0.0 0.0 0.0 
0.0 0.0 0.0 0.0 0.0 0.0 0.0 0.0 0.0 0.0 0.0 0.0 0.0 0.0 0.0 0.0 0.0 0.0 0.0 0.0 0.0 0.0 0.0 0.0 0.0 0.0 0.0 0.0 0.0 0.0 0.0 0.0 0.0 0.0 0.0 0.0 0.0 0.0 0.0 0.0 0.0 0.0 0.0 0.0 0.0 0.0 0.0 0.0 0.0 0.0 0.0 0.0 0.0 0.0 0.0 0.0 0.0 0.0 0.0 0.0 0.0 0.0 0.0 0.0 0.0 0.0 0.0 0.0 0.0 0.0 0.0 0.0 0.0 0.0 0.0 0.0 0.0 0.0 0.0 0.0 0.0 0.0 0.0 0.0 0.0 0.0 0.0 0.0 0.0 0.0 0.0 0.0 0.0 0.0 0.0 0.0 0.0 0.0 0.0 0.0 0.0 0.0 0.0 0.0 0.0 0.0 0.0 0.0 0.0 0.0 0.0 0.0 0.0 0.0 0.0 0.0 0.0 0.0 0.0 0.0 0.0 0.0 0.0 0.0 0.0 0.0 0.0 0.0 
0.0 0.0 0.0 0.0 0.0 0.0 0.0 0.0 0.0 0.0 0.0 0.0 0.0 0.0 0.0 0.0 0.0 0.0 0.0 0.0 0.0 0.0 0.0 0.0 0.0 0.0 0.0 0.0 0.0 0.0 0.0 0.0 0.0 0.0 0.0 0.0 0.0 0.0 0.0 0.0 0.0 0.0 0.0 0.0 0.0 0.0 0.0 0.0 0.0 0.0 0.0 0.0 0.0 0.0 0.0 0.0 0.0 0.0 0.0 0.0 0.0 0.0 0.0 0.0 0.0 0.0 0.0 0.0 0.0 0.0 0.0 0.0 0.0 0.0 0.0 0.0 0.0 0.0 0.0 0.0 0.0 0.0 0.0 0.0 0.0 0.0 0.0 0.0 0.0 0.0 0.0 0.0 0.0 0.0 0.0 0.0 0.0 0.0 0.0 0.0 0.0 0.0 0.0 0.0 0.0 0.0 0.0 0.0 0.0 0.0 0.0 0.0 0.0 0.0 0.0 0.0 0.0 0.0 0.0 0.0 0.0 0.0 0.0 0.0 0.0 0.0 0.0 0.0 
0.0 0.0 0.0 0.0 0.0 0.0 0.0 0.0 0.0 0.0 0.0 0.0 0.0 0.0 0.0 0.0 0.0 0.0 0.0 0.0 0.0 0.0 0.0 0.0 0.0 0.0 0.0 0.0 0.0 0.0 0.0 0.0 0.0 0.0 0.0 0.0 0.0 0.0 0.0 0.0 0.0 0.0 0.0 0.0 0.0 0.0 0.0 0.0 0.0 0.0 0.0 0.0 0.0 0.0 0.0 0.0 0.0 0.0 0.0 0.0 0.0 0.0 0.0 0.0 0.0 0.0 0.0 0.0 0.0 0.0 0.0 0.0 0.0 0.0 0.0 0.0 0.0 0.0 0.0 0.0 0.0 0.0 0.0 0.0 0.0 0.0 0.0 0.0 0.0 0.0 0.0 0.0 0.0 0.0 0.0 0.0 0.0 0.0 0.0 0.0 0.0 0.0 0.0 0.0 0.0 0.0 0.0 0.0 0.0 0.0 0.0 0.0 0.0 0.0 0.0 0.0 0.0 0.0 0.0 0.0 0.0 0.0 0.0 0.0 0.0 0.0 0.0 0.0 
0.0 0.0 0.0 0.0 0.0 0.0 0.0 0.0 0.0 0.0 0.0 0.0 0.0 0.0 0.0 0.0 0.0 0.0 0.0 0.0 0.0 0.0 0.0 0.0 0.0 0.0 0.0 0.0 0.0 0.0 0.0 0.0 0.0 0.0 0.0 0.0 0.0 0.0 0.0 0.0 0.0 0.0 0.0 0.0 0.0 0.0 0.0 0.0 0.0 0.0 0.0 0.0 0.0 0.0 0.0 0.0 0.0 0.0 0.0 0.0 0.0 0.0 0.0 0.0 0.0 0.0 0.0 0.0 0.0 0.0 0.0 0.0 0.0 0.0 0.0 0.0 0.0 0.0 0.0 0.0 0.0 0.0 0.0 0.0 0.0 0.0 0.0 0.0 0.0 0.0 0.0 0.0 0.0 0.0 0.0 0.0 0.0 0.0 0.0 0.0 0.0 0.0 0.0 0.0 0.0 0.0 0.0 0.0 0.0 0.0 0.0 0.0 0.0 0.0 0.0 0.0 0.0 0.0 0.0 0.0 0.0 0.0 0.0 0.0 0.0 0.0 0.0 0.0 
0.0 0.0 0.0 0.0 0.0 0.0 0.0 0.0 0.0 0.0 0.0 0.0 0.0 0.0 0.0 0.0 0.0 0.0 0.0 0.0 0.0 0.0 0.0 0.0 0.0 0.0 0.0 0.0 0.0 0.0 0.0 0.0 0.0 0.0 0.0 0.0 0.0 0.0 0.0 0.0 0.0 0.0 0.0 0.0 0.0 0.0 0.0 0.0 0.0 0.0 0.0 0.0 0.0 0.0 0.0 0.0 0.0 0.0 0.0 0.0 0.0 0.0 0.0 0.0 0.0 0.0 0.0 0.0 0.0 0.0 0.0 0.0 0.0 0.0 0.0 0.0 0.0 0.0 0.0 0.0 0.0 0.0 0.0 0.0 0.0 0.0 0.0 0.0 0.0 0.0 0.0 0.0 0.0 0.0 0.0 0.0 0.0 0.0 0.0 0.0 0.0 0.0 0.0 0.0 0.0 0.0 0.0 0.0 0.0 0.0 0.0 0.0 0.0 0.0 0.0 0.0 0.0 0.0 0.0 0.0 0.0 0.0 0.0 0.0 0.0 0.0 0.0 0.0 
0.0 0.0 0.0 0.0 0.0 0.0 0.0 0.0 0.0 0.0 0.0 0.0 0.0 0.0 0.0 0.0 0.0 0.0 0.0 0.0 0.0 0.0 0.0 0.0 0.0 0.0 0.0 0.0 0.0 0.0 0.0 0.0 0.0 0.0 0.0 0.0 0.0 0.0 0.0 0.0 0.0 0.0 0.0 0.0 0.0 0.0 0.0 0.0 0.0 0.0 0.0 0.0 0.0 0.0 0.0 0.0 0.0 0.0 0.0 0.0 0.0 0.0 0.0 0.0 0.0 0.0 0.0 0.0 0.0 0.0 0.0 0.0 0.0 0.0 0.0 0.0 0.0 0.0 0.0 0.0 0.0 0.0 0.0 0.0 0.0 0.0 0.0 0.0 0.0 0.0 0.0 0.0 0.0 0.0 0.0 0.0 0.0 0.0 0.0 0.0 0.0 0.0 0.0 0.0 0.0 0.0 0.0 0.0 0.0 0.0 0.0 0.0 0.0 0.0 0.0 0.0 0.0 0.0 0.0 0.0 0.0 0.0 0.0 0.0 0.0 0.0 0.0 0.0 
0.0 0.0 0.0 0.0 0.0 0.0 0.0 0.0 0.0 0.0 0.0 0.0 0.0 0.0 0.0 0.0 0.0 0.0 0.0 0.0 0.0 0.0 0.0 0.0 0.0 0.0 0.0 0.0 0.0 0.0 0.0 0.0 0.0 0.0 0.0 0.0 0.0 0.0 0.0 0.0 0.0 0.0 0.0 0.0 0.0 0.0 0.0 0.0 0.0 0.0 0.0 0.0 0.0 0.0 0.0 0.0 0.0 0.0 0.0 0.0 0.0 0.0 0.0 0.0 0.0 0.0 0.0 0.0 0.0 0.0 0.0 0.0 0.0 0.0 0.0 0.0 0.0 0.0 0.0 0.0 0.0 0.0 0.0 0.0 0.0 0.0 0.0 0.0 0.0 0.0 0.0 0.0 0.0 0.0 0.0 0.0 0.0 0.0 0.0 0.0 0.0 0.0 0.0 0.0 0.0 0.0 0.0 0.0 0.0 0.0 0.0 0.0 0.0 0.0 0.0 0.0 0.0 0.0 0.0 0.0 0.0 0.0 0.0 0.0 0.0 0.0 0.0 0.0 
0.0 0.0 0.0 0.0 0.0 0.0 0.0 0.0 0.0 0.0 0.0 0.0 0.0 0.0 0.0 0.0 0.0 0.0 0.0 0.0 0.0 0.0 0.0 0.0 0.0 0.0 0.0 0.0 0.0 0.0 0.0 0.0 0.0 0.0 0.0 0.0 0.0 0.0 0.0 0.0 0.0 0.0 0.0 0.0 0.0 0.0 0.0 0.0 0.0 0.0 0.0 0.0 0.0 0.0 0.0 0.0 0.0 0.0 0.0 0.0 0.0 0.0 0.0 0.0 0.0 0.0 0.0 0.0 0.0 0.0 0.0 0.0 0.0 0.0 0.0 0.0 0.0 0.0 0.0 0.0 0.0 0.0 0.0 0.0 0.0 0.0 0.0 0.0 0.0 0.0 0.0 0.0 0.0 0.0 0.0 0.0 0.0 0.0 0.0 0.0 0.0 0.0 0.0 0.0 0.0 0.0 0.0 0.0 0.0 0.0 0.0 0.0 0.0 0.0 0.0 0.0 0.0 0.0 0.0 0.0 0.0 0.0 0.0 0.0 0.0 0.0 0.0 0.0 
0.0 0.0 0.0 0.0 0.0 0.0 0.0 0.0 0.0 0.0 0.0 0.0 0.0 0.0 0.0 0.0 0.0 0.0 0.0 0.0 0.0 0.0 0.0 0.0 0.0 0.0 0.0 0.0 0.0 0.0 0.0 0.0 0.0 0.0 0.0 0.0 0.0 0.0 0.0 0.0 0.0 0.0 0.0 0.0 0.0 0.0 0.0 0.0 0.0 0.0 0.0 0.0 0.0 0.0 0.0 0.0 0.0 0.0 0.0 0.0 0.0 0.0 0.0 0.0 0.0 0.0 0.0 0.0 0.0 0.0 0.0 0.0 0.0 0.0 0.0 0.0 0.0 0.0 0.0 0.0 0.0 0.0 0.0 0.0 0.0 0.0 0.0 0.0 0.0 0.0 0.0 0.0 0.0 0.0 0.0 0.0 0.0 0.0 0.0 0.0 0.0 0.0 0.0 0.0 0.0 0.0 0.0 0.0 0.0 0.0 0.0 0.0 0.0 0.0 0.0 0.0 0.0 0.0 0.0 0.0 0.0 0.0 0.0 0.0 0.0 0.0 0.0 0.0 
0.0 0.0 0.0 0.0 0.0 0.0 0.0 0.0 0.0 0.0 0.0 0.0 0.0 0.0 0.0 0.0 0.0 0.0 0.0 0.0 0.0 0.0 0.0 0.0 0.0 0.0 0.0 0.0 0.0 0.0 0.0 0.0 0.0 0.0 0.0 0.0 0.0 0.0 0.0 0.0 0.0 0.0 0.0 0.0 0.0 0.0 0.0 0.0 0.0 0.0 0.0 0.0 0.0 0.0 0.0 0.0 0.0 0.0 0.0 0.0 0.0 0.0 0.0 0.0 0.0 0.0 0.0 0.0 0.0 0.0 0.0 0.0 0.0 0.0 0.0 0.0 0.0 0.0 0.0 0.0 0.0 0.0 0.0 0.0 0.0 0.0 0.0 0.0 0.0 0.0 0.0 0.0 0.0 0.0 0.0 0.0 0.0 0.0 0.0 0.0 0.0 0.0 0.0 0.0 0.0 0.0 0.0 0.0 0.0 0.0 0.0 0.0 0.0 0.0 0.0 0.0 0.0 0.0 0.0 0.0 0.0 0.0 0.0 0.0 0.0 0.0 0.0 0.0 
0.0 0.0 0.0 0.0 0.0 0.0 0.0 0.0 0.0 0.0 0.0 0.0 0.0 0.0 0.0 0.0 0.0 0.0 0.0 0.0 0.0 0.0 0.0 0.0 0.0 0.0 0.0 0.0 0.0 0.0 0.0 0.0 0.0 0.0 0.0 0.0 0.0 0.0 0.0 0.0 0.0 0.0 0.0 0.0 0.0 0.0 0.0 0.0 0.0 0.0 0.0 0.0 0.0 0.0 0.0 0.0 0.0 0.0 0.0 0.0 0.0 0.0 0.0 0.0 0.0 0.0 0.0 0.0 0.0 0.0 0.0 0.0 0.0 0.0 0.0 0.0 0.0 0.0 0.0 0.0 0.0 0.0 0.0 0.0 0.0 0.0 0.0 0.0 0.0 0.0 0.0 0.0 0.0 0.0 0.0 0.0 0.0 0.0 0.0 0.0 0.0 0.0 0.0 0.0 0.0 0.0 0.0 0.0 0.0 0.0 0.0 0.0 0.0 0.0 0.0 0.0 0.0 0.0 0.0 0.0 0.0 0.0 0.0 0.0 0.0 0.0 0.0 0.0 
0.0 0.0 0.0 0.0 0.0 0.0 0.0 0.0 0.0 0.0 0.0 0.0 0.0 0.0 0.0 0.0 0.0 0.0 0.0 0.0 0.0 0.0 0.0 0.0 0.0 0.0 0.0 0.0 0.0 0.0 0.0 0.0 0.0 0.0 0.0 0.0 0.0 0.0 0.0 0.0 0.0 0.0 0.0 0.0 0.0 0.0 0.0 0.0 0.0 0.0 0.0 0.0 0.0 0.0 0.0 0.0 0.0 0.0 0.0 0.0 0.0 0.0 0.0 0.0 0.0 0.0 0.0 0.0 0.0 0.0 0.0 0.0 0.0 0.0 0.0 0.0 0.0 0.0 0.0 0.0 0.0 0.0 0.0 0.0 0.0 0.0 0.0 0.0 0.0 0.0 0.0 0.0 0.0 0.0 0.0 0.0 0.0 0.0 0.0 0.0 0.0 0.0 0.0 0.0 0.0 0.0 0.0 0.0 0.0 0.0 0.0 0.0 0.0 0.0 0.0 0.0 0.0 0.0 0.0 0.0 0.0 0.0 0.0 0.0 0.0 0.0 0.0 0.0 
0.0 0.0 0.0 0.0 0.0 0.0 0.0 0.0 0.0 0.0 0.0 0.0 0.0 0.0 0.0 0.0 0.0 0.0 0.0 0.0 0.0 0.0 0.0 0.0 0.0 0.0 0.0 0.0 0.0 0.0 0.0 0.0 0.0 0.0 0.0 0.0 0.0 0.0 0.0 0.0 0.0 0.0 0.0 0.0 0.0 0.0 0.0 0.0 0.0 0.0 0.0 0.0 0.0 0.0 0.0 0.0 0.0 0.0 0.0 0.0 0.0 0.0 0.0 0.0 0.0 0.0 0.0 0.0 0.0 0.0 0.0 0.0 0.0 0.0 0.0 0.0 0.0 0.0 0.0 0.0 0.0 0.0 0.0 0.0 0.0 0.0 0.0 0.0 0.0 0.0 0.0 0.0 0.0 0.0 0.0 0.0 0.0 0.0 0.0 0.0 0.0 0.0 0.0 0.0 0.0 0.0 0.0 0.0 0.0 0.0 0.0 0.0 0.0 0.0 0.0 0.0 0.0 0.0 0.0 0.0 0.0 0.0 0.0 0.0 0.0 0.0 0.0 0.0 
0.0 0.0 0.0 0.0 0.0 0.0 0.0 0.0 0.0 0.0 0.0 0.0 0.0 0.0 0.0 0.0 0.0 0.0 0.0 0.0 0.0 0.0 0.0 0.0 0.0 0.0 0.0 0.0 0.0 0.0 0.0 0.0 0.0 0.0 0.0 0.0 0.0 0.0 0.0 0.0 0.0 0.0 0.0 0.0 0.0 0.0 0.0 0.0 0.0 0.0 0.0 0.0 0.0 0.0 0.0 0.0 0.0 0.0 0.0 0.0 0.0 0.0 0.0 0.0 0.0 0.0 0.0 0.0 0.0 0.0 0.0 0.0 0.0 0.0 0.0 0.0 0.0 0.0 0.0 0.0 0.0 0.0 0.0 0.0 0.0 0.0 0.0 0.0 0.0 0.0 0.0 0.0 0.0 0.0 0.0 0.0 0.0 0.0 0.0 0.0 0.0 0.0 0.0 0.0 0.0 0.0 0.0 0.0 0.0 0.0 0.0 0.0 0.0 0.0 0.0 0.0 0.0 0.0 0.0 0.0 0.0 0.0 0.0 0.0 0.0 0.0 0.0 0.0 
0.0 0.0 0.0 0.0 0.0 0.0 0.0 0.0 0.0 0.0 0.0 0.0 0.0 0.0 0.0 0.0 0.0 0.0 0.0 0.0 0.0 0.0 0.0 0.0 0.0 0.0 0.0 0.0 0.0 0.0 0.0 0.0 0.0 0.0 0.0 0.0 0.0 0.0 0.0 0.0 0.0 0.0 0.0 0.0 0.0 0.0 0.0 0.0 0.0 0.0 0.0 0.0 0.0 0.0 0.0 0.0 0.0 0.0 0.0 0.0 0.0 0.0 0.0 0.0 0.0 0.0 0.0 0.0 0.0 0.0 0.0 0.0 0.0 0.0 0.0 0.0 0.0 0.0 0.0 0.0 0.0 0.0 0.0 0.0 0.0 0.0 0.0 0.0 0.0 0.0 0.0 0.0 0.0 0.0 0.0 0.0 0.0 0.0 0.0 0.0 0.0 0.0 0.0 0.0 0.0 0.0 0.0 0.0 0.0 0.0 0.0 0.0 0.0 0.0 0.0 0.0 0.0 0.0 0.0 0.0 0.0 0.0 0.0 0.0 0.0 0.0 0.0 0.0 
0.0 0.0 0.0 0.0 0.0 0.0 0.0 0.0 0.0 0.0 0.0 0.0 0.0 0.0 0.0 0.0 0.0 0.0 0.0 0.0 0.0 0.0 0.0 0.0 0.0 0.0 0.0 0.0 0.0 0.0 0.0 0.0 0.0 0.0 0.0 0.0 0.0 0.0 0.0 0.0 0.0 0.0 0.0 0.0 0.0 0.0 0.0 0.0 0.0 0.0 0.0 0.0 0.0 0.0 0.0 0.0 0.0 0.0 0.0 0.0 0.0 0.0 0.0 0.0 0.0 0.0 0.0 0.0 0.0 0.0 0.0 0.0 0.0 0.0 0.0 0.0 0.0 0.0 0.0 0.0 0.0 0.0 0.0 0.0 0.0 0.0 0.0 0.0 0.0 0.0 0.0 0.0 0.0 0.0 0.0 0.0 0.0 0.0 0.0 0.0 0.0 0.0 0.0 0.0 0.0 0.0 0.0 0.0 0.0 0.0 0.0 0.0 0.0 0.0 0.0 0.0 0.0 0.0 0.0 0.0 0.0 0.0 0.0 0.0 0.0 0.0 0.0 0.0 
0.0 0.0 0.0 0.0 0.0 0.0 0.0 0.0 0.0 0.0 0.0 0.0 0.0 0.0 0.0 0.0 0.0 0.0 0.0 0.0 0.0 0.0 0.0 0.0 0.0 0.0 0.0 0.0 0.0 0.0 0.0 0.0 0.0 0.0 0.0 0.0 0.0 0.0 0.0 0.0 0.0 0.0 0.0 0.0 0.0 0.0 0.0 0.0 0.0 0.0 0.0 0.0 0.0 0.0 0.0 0.0 0.0 0.0 0.0 0.0 0.0 0.0 0.0 0.0 0.0 0.0 0.0 0.0 0.0 0.0 0.0 0.0 0.0 0.0 0.0 0.0 0.0 0.0 0.0 0.0 0.0 0.0 0.0 0.0 0.0 0.0 0.0 0.0 0.0 0.0 0.0 0.0 0.0 0.0 0.0 0.0 0.0 0.0 0.0 0.0 0.0 0.0 0.0 0.0 0.0 0.0 0.0 0.0 0.0 0.0 0.0 0.0 0.0 0.0 0.0 0.0 0.0 0.0 0.0 0.0 0.0 0.0 0.0 0.0 0.0 0.0 0.0 0.0 
0.0 0.0 0.0 0.0 0.0 0.0 0.0 0.0 0.0 0.0 0.0 0.0 0.0 0.0 0.0 0.0 0.0 0.0 0.0 0.0 0.0 0.0 0.0 0.0 0.0 0.0 0.0 0.0 0.0 0.0 0.0 0.0 0.0 0.0 0.0 0.0 0.0 0.0 0.0 0.0 0.0 0.0 0.0 0.0 0.0 0.0 0.0 0.0 0.0 0.0 0.0 0.0 0.0 0.0 0.0 0.0 0.0 0.0 0.0 0.0 0.0 0.0 0.0 0.0 0.0 0.0 0.0 0.0 0.0 0.0 0.0 0.0 0.0 0.0 0.0 0.0 0.0 0.0 0.0 0.0 0.0 0.0 0.0 0.0 0.0 0.0 0.0 0.0 0.0 0.0 0.0 0.0 0.0 0.0 0.0 0.0 0.0 0.0 0.0 0.0 0.0 0.0 0.0 0.0 0.0 0.0 0.0 0.0 0.0 0.0 0.0 0.0 0.0 0.0 0.0 0.0 0.0 0.0 0.0 0.0 0.0 0.0 0.0 0.0 0.0 0.0 0.0 0.0 
0.0 0.0 0.0 0.0 0.0 0.0 0.0 0.0 0.0 0.0 0.0 0.0 0.0 0.0 0.0 0.0 0.0 0.0 0.0 0.0 0.0 0.0 0.0 0.0 0.0 0.0 0.0 0.0 0.0 0.0 0.0 0.0 0.0 0.0 0.0 0.0 0.0 0.0 0.0 0.0 0.0 0.0 0.0 0.0 0.0 0.0 0.0 0.0 0.0 0.0 0.0 0.0 0.0 0.0 0.0 0.0 0.0 0.0 0.0 0.0 0.0 0.0 0.0 0.0 0.0 0.0 0.0 0.0 0.0 0.0 0.0 0.0 0.0 0.0 0.0 0.0 0.0 0.0 0.0 0.0 0.0 0.0 0.0 0.0 0.0 0.0 0.0 0.0 0.0 0.0 0.0 0.0 0.0 0.0 0.0 0.0 0.0 0.0 0.0 0.0 0.0 0.0 0.0 0.0 0.0 0.0 0.0 0.0 0.0 0.0 0.0 0.0 0.0 0.0 0.0 0.0 0.0 0.0 0.0 0.0 0.0 0.0 0.0 0.0 0.0 0.0 0.0 0.0 
0.0 0.0 0.0 0.0 0.0 0.0 0.0 0.0 0.0 0.0 0.0 0.0 0.0 0.0 0.0 0.0 0.0 0.0 0.0 0.0 0.0 0.0 0.0 0.0 0.0 0.0 0.0 0.0 0.0 0.0 0.0 0.0 0.0 0.0 0.0 0.0 0.0 0.0 0.0 0.0 0.0 0.0 0.0 0.0 0.0 0.0 0.0 0.0 0.0 0.0 0.0 0.0 0.0 0.0 0.0 0.0 0.0 0.0 0.0 0.0 0.0 0.0 0.0 0.0 0.0 0.0 0.0 0.0 0.0 0.0 0.0 0.0 0.0 0.0 0.0 0.0 0.0 0.0 0.0 0.0 0.0 0.0 0.0 0.0 0.0 0.0 0.0 0.0 0.0 0.0 0.0 0.0 0.0 0.0 0.0 0.0 0.0 0.0 0.0 0.0 0.0 0.0 0.0 0.0 0.0 0.0 0.0 0.0 0.0 0.0 0.0 0.0 0.0 0.0 0.0 0.0 0.0 0.0 0.0 0.0 0.0 0.0 0.0 0.0 0.0 0.0 0.0 0.0 
0.0 0.0 0.0 0.0 0.0 0.0 0.0 0.0 0.0 0.0 0.0 0.0 0.0 0.0 0.0 0.0 0.0 0.0 0.0 0.0 0.0 0.0 0.0 0.0 0.0 0.0 0.0 0.0 0.0 0.0 0.0 0.0 0.0 0.0 0.0 0.0 0.0 0.0 0.0 0.0 0.0 0.0 0.0 0.0 0.0 0.0 0.0 0.0 0.0 0.0 0.0 0.0 0.0 0.0 0.0 0.0 0.0 0.0 0.0 0.0 0.0 0.0 0.0 0.0 0.0 0.0 0.0 0.0 0.0 0.0 0.0 0.0 0.0 0.0 0.0 0.0 0.0 0.0 0.0 0.0 0.0 0.0 0.0 0.0 0.0 0.0 0.0 0.0 0.0 0.0 0.0 0.0 0.0 0.0 0.0 0.0 0.0 0.0 0.0 0.0 0.0 0.0 0.0 0.0 0.0 0.0 0.0 0.0 0.0 0.0 0.0 0.0 0.0 0.0 0.0 0.0 0.0 0.0 0.0 0.0 0.0 0.0 0.0 0.0 0.0 0.0 0.0 0.0 
0.0 0.0 0.0 0.0 0.0 0.0 0.0 0.0 0.0 0.0 0.0 0.0 0.0 0.0 0.0 0.0 0.0 0.0 0.0 0.0 0.0 0.0 0.0 0.0 0.0 0.0 0.0 0.0 0.0 0.0 0.0 0.0 0.01949097 0.0 0.007261456 3.298457E-4 4.9961923E-4 9.701345E-7 0.0 2.425336E-4 0.0018539268 0.0 0.0014658731 1.2223693E-4 0.0 4.9476854E-5 7.373022E-5 2.8521952E-4 9.216277E-5 0.003096669 0.0010642374 6.131249E-4 3.890239E-4 3.356665E-4 2.764883E-4 2.5320507E-4 2.0081783E-4 1.3290842E-4 9.701345E-7 0.0 0.0021517582 0.0 0.0 9.701345E-7 1.8723594E-4 0.0076621217 0.0050398484 0.006101175 0.0029220448 0.0024748128 0.0034313654 0.0027367491 0.0062903515 0.009487915 0.002438918 0.0011670718 0.0025213794 0.005942073 0.0028269717 0.002418545 0.004210383 1.5910204E-4 0.0029210746 0.007944431 0.011584375 0.0012941593 7.6252565E-4 0.0043753064 1.4552016E-5 0.0010196113 8.440169E-5 8.440169E-5 0.0 0.0 0.0 7.3439174E-4 9.701345E-7 0.092697315 0.035200357 0.03630825 0.023558743 0.018940905 0.03231324 0.012300334 0.04142571 0.04886179 0.0022274286 0.0032431593 0.018292854 0.02894396 0.016033411 0.05985632 0.030345805 0.001536693 0.02006432 0.052944116 0.12838662 0.008906804 0.0049205218 0.04876866 1.26117475E-5 0.006150652 8.8282235E-5 2.114893E-4 4.850672E-6 0.0 0.001710347 0.0 
0.0 0.0 0.0 0.0 0.0 0.0 0.0 0.0 0.0 0.0 0.0 0.0 0.0 0.0 0.0 0.0 0.0 0.0 0.0 0.0 0.0 0.0 0.0 0.0 0.0 0.0 0.0 0.0 0.0 0.0 0.0 0.0 0.83542717 0.0 0.0025125628 0.0012562814 0.0 0.0 0.0 0.0 0.0 0.006281407 0.0 0.0 0.0012562814 0.01884422 0.0 0.0 0.0 0.0 0.0 0.0 0.0 0.0 0.0 0.0 0.0 0.0 0.0 0.0012562814 0.0 0.0 0.057788946 0.0 0.0 0.0 0.0 0.0 0.0 0.0 0.0 0.0 0.0 0.0 0.0 0.0 0.0 0.0 0.0 0.0 0.0 0.0 0.0 0.0 0.0 0.0 0.0 0.0 0.0 0.0 0.0 0.0 0.0 0.0 0.0 0.0 0.0 0.0 0.0 0.0 0.0 0.0 0.0 0.0 0.0 0.0 0.0 0.0 0.0 0.0 0.0 0.0 0.0 0.0 0.0 0.0 0.0 0.0 0.0 0.0 0.0 0.0 0.0 0.0 0.0 0.0012562814 0.0 0.0 
0.0 0.0 0.0 0.0 0.0 0.0 0.0 0.0 0.0 0.0 0.0 0.0 0.0 0.0 0.0 0.0 0.0 0.0 0.0 0.0 0.0 0.0 0.0 0.0 0.0 0.0 0.0 0.0 0.0 0.0 0.0 0.0 0.09977247 0.019908987 3.9817975E-4 6.8259385E-4 0.0 0.0 5.688282E-5 3.4129692E-4 1.1376564E-4 0.00221843 0.0023321956 0.0 0.11547213 0.010523322 0.19192263 5.688282E-5 0.0 2.844141E-4 0.0 0.0 0.0 0.0 0.0 5.688282E-5 0.0 0.0 6.2571105E-4 0.0030716723 0.0031285551 0.0 0.0011945392 0.05204778 0.0 0.020648465 0.013367463 0.008930603 0.01188851 0.004152446 0.006712173 0.00705347 0.017178612 0.0625711 0.0036973835 0.0018202503 0.008418658 0.012343572 0.015017065 0.012798634 0.0068259384 3.4129692E-4 0.0044937427 0.01695108 0.039647326 0.0019908987 0.001592719 0.038282137 5.688282E-5 0.021160409 1.1376564E-4 1.1376564E-4 0.0 5.688282E-5 0.0 5.688282E-5 0.0 0.014505119 0.008020477 0.00887372 0.006029579 0.004209329 0.006996587 0.0043230946 0.005688282 0.008304892 8.532423E-4 4.5506257E-4 0.0046643913 0.0066552903 0.0049488056 0.0055745165 0.011092151 6.2571105E-4 0.005403868 0.013879408 0.019624574 0.0025028442 0.0013651877 0.0074516498 0.0 0.0014789534 1.1376564E-4 0.0 0.0 3.4129692E-4 0.0024459613 0.0 
0.0 0.0 0.0 0.0 0.0 0.0 0.0 0.0 0.0 0.0 0.0 0.0 0.0 0.0 0.0 0.0 0.0 0.0 0.0 0.0 0.0 0.0 0.0 0.0 0.0 0.0 0.0 0.0 0.0 0.0 0.0 0.0 0.07286045 0.0 0.0034695452 0.09483423 3.85505E-4 0.0 0.0 0.004240555 0.0 0.0 3.85505E-4 0.0 0.0 0.00616808 0.0 0.011950655 0.0 0.0046260604 0.00539707 0.001927525 0.0023130302 0.001927525 7.7101E-4 0.002698535 0.0 3.85505E-4 0.0 0.0 0.0 0.0 0.0 0.0 0.04317656 0.02081727 0.015034695 0.02621434 0.019660756 0.01233616 0.018889746 0.006553585 0.011179646 0.010408635 0.0023130302 0.0 0.011179646 0.01927525 0.01233616 0.009637625 0.01927525 7.7101E-4 0.02004626 0.027370855 0.035851967 0.004240555 0.0 0.01002313 0.0 3.85505E-4 0.0 3.85505E-4 0.0 0.0 0.0 0.0 0.0 0.0 0.0 0.0 0.0 0.0 0.0 0.0 0.0 0.0 0.0 0.0 0.0 0.0 0.0 0.0 0.0 0.0 0.0 0.0 0.0 0.0 0.0 0.0 0.0 0.0 0.0 0.0 0.0 0.0 7.7101E-4 0.0 
0.0 0.0 0.0 0.0 0.0 0.0 0.0 0.0 0.0 0.0 0.0 0.0 0.0 0.0 0.0 0.0 0.0 0.0 0.0 0.0 0.0 0.0 0.0 0.0 0.0 0.0 0.0 0.0 0.0 0.0 0.0 0.0 0.0 0.0 0.0 0.0 0.0 0.0 0.0 0.0 0.0 0.0 0.0 0.0 0.0 0.0 0.0 0.0 0.0018018018 0.33333334 0.18018018 0.1009009 0.075675674 0.11171171 0.061261263 0.061261263 0.05225225 0.021621622 0.0 0.0 0.0 0.0 0.0 0.0 0.0 0.0 0.0 0.0 0.0 0.0 0.0 0.0 0.0 0.0 0.0 0.0 0.0 0.0 0.0 0.0 0.0 0.0 0.0 0.0 0.0 0.0 0.0 0.0 0.0 0.0 0.0 0.0 0.0 0.0 0.0 0.0 0.0 0.0 0.0 0.0 0.0 0.0 0.0 0.0 0.0 0.0 0.0 0.0 0.0 0.0 0.0 0.0 0.0 0.0 0.0 0.0 0.0 0.0 0.0 0.0 0.0 0.0 0.0 0.0 0.0 0.0 0.0 0.0 
0.0 0.0 0.0 0.0 0.0 0.0 0.0 0.0 0.0 0.0 0.0 0.0 0.0 0.0 0.0 0.0 0.0 0.0 0.0 0.0 0.0 0.0 0.0 0.0 0.0 0.0 0.0 0.0 0.0 0.0 0.0 0.0 0.8013245 0.0 0.0066225166 0.0 0.0 0.0 0.0 0.0 0.0 0.046357617 0.0 0.0 0.0397351 0.0 0.08609272 0.0 0.0 0.0 0.0 0.0 0.0 0.0 0.0 0.0 0.0 0.0 0.0 0.013245033 0.0 0.0 0.0 0.0 0.0 0.0 0.0 0.0 0.0 0.0 0.0 0.0 0.0 0.0 0.0 0.0 0.0 0.0 0.0 0.0 0.0 0.0 0.0 0.0 0.0 0.0 0.0 0.0 0.0 0.0 0.0 0.0 0.0 0.0 0.0 0.0 0.0 0.0 0.0 0.0 0.0 0.0 0.0 0.0 0.0 0.0 0.0 0.0 0.0 0.0 0.0 0.0 0.0 0.0 0.0 0.0 0.0 0.0 0.0 0.0 0.0 0.0 0.0 0.0 0.0 0.0 0.0 0.0 
0.0 0.0 0.0 0.0 0.0 0.0 0.0 0.0 0.0 0.0 0.0 0.0 0.0 0.0 0.0 0.0 0.0 0.0 0.0 0.0 0.0 0.0 0.0 0.0 0.0 0.0 0.0 0.0 0.0 0.0 0.0 0.0 0.7420862 0.0 0.0022487459 1.7298045E-4 0.0 0.0 0.0 0.003459609 0.0 0.0062272963 0.0 1.7298045E-4 0.06694344 0.0031136482 0.03355821 0.0017298046 0.0 1.7298045E-4 1.7298045E-4 0.0 0.0 0.0 0.0 0.0 0.0 0.0 3.459609E-4 0.006400277 0.0 0.0 0.0017298046 0.0 0.0 0.00761114 0.0020757655 0.012627573 0.0044974918 8.649023E-4 0.0013838436 0.0012108631 0.0012108631 0.0017298046 0.0010378828 0.0024217262 0.0031136482 0.009167964 0.009686905 3.459609E-4 0.0025947068 8.649023E-4 0.0027676872 0.031655423 0.0 0.0 0.0 0.0010378828 0.0 0.0022487459 0.0 0.0 0.0 8.649023E-4 0.0 8.649023E-4 0.0 0.0 0.0 0.0 3.459609E-4 0.0074381595 0.0 0.005016433 0.0010378828 0.0 0.0 0.0 0.0 0.010897769 0.0 0.0 0.0010378828 0.0 0.0 0.0 1.7298045E-4 1.7298045E-4 0.0 0.0 0.0 0.0 0.0 0.0 0.0 1.7298045E-4 0.0 0.0 
0.0 0.0 0.0 0.0 0.0 0.0 0.0 0.0 0.0 0.0 0.0 0.0 0.0 0.0 0.0 0.0 0.0 0.0 0.0 0.0 0.0 0.0 0.0 0.0 0.0 0.0 0.0 0.0 0.0 0.0 0.0 0.0 0.06424156 7.1678165E-4 0.0053758626 0.0010751724 0.0 0.0 0.0 0.005555058 0.0 1.7919541E-4 0.0 0.0 0.002777529 5.375862E-4 0.0035839083 0.0 0.0 8.959771E-5 1.7919541E-4 0.0 5.375862E-4 0.0013439656 5.375862E-4 8.959771E-5 8.959771E-5 8.959771E-5 0.0 8.959771E-5 8.959771E-5 0.0 0.0018815518 4.4798854E-4 0.0 0.0023295404 0.003673506 0.0011647702 0.0010751724 1.7919541E-4 1.7919541E-4 6.2718394E-4 7.1678165E-4 0.0014335633 8.959771E-5 8.959771E-5 8.959771E-5 0.0 5.375862E-4 8.959771E-5 4.4798854E-4 0.0 8.959771E-5 0.0061822417 0.0020607472 5.375862E-4 8.959771E-5 1.7919541E-4 0.0 4.4798854E-4 0.0 0.0 0.0 0.0 0.0 0.0 0.0 0.0028671266 5.375862E-4 0.004927874 0.038168624 0.004659081 7.1678165E-4 8.959771E-5 5.375862E-4 0.0010751724 0.0 4.4798854E-4 0.040498164 0.02463937 0.0017919542 4.4798854E-4 8.0637936E-4 0.0 0.027327301 0.5237882 0.18923035 8.0637936E-4 0.022041036 6.2718394E-4 0.0 8.959771E-5 0.0 0.0 0.0 0.0 0.0 0.0 
0.0 0.0 0.0 0.0 0.0 0.0 0.0 0.0 0.0 0.0 0.0 0.0 0.0 0.0 0.0 0.0 0.0 0.0 0.0 0.0 0.0 0.0 0.0 0.0 0.0 0.0 0.0 0.0 0.0 0.0 0.0 0.0 0.0 0.0 0.015455305 0.0 4.1771095E-4 0.0 0.0 0.0050125313 0.0 0.0 0.008354219 0.0 0.0 0.0 4.1771095E-4 0.0029239766 0.0 0.08646616 0.032999165 0.02213868 0.009189641 0.010025063 0.006265664 0.0037593986 0.0020885547 0.0 0.0 0.0 0.020885548 0.0 0.0 4.1771095E-4 0.0 0.021303259 0.016290726 0.019214703 0.015037594 0.00877193 0.016708437 0.007101086 0.012113618 0.009607351 0.006683375 0.006265664 0.005430242 0.015873017 0.007518797 0.005430242 0.012113618 4.1771095E-4 0.009189641 0.027986633 0.025898078 4.1771095E-4 0.0020885547 0.00877193 0.0 4.1771095E-4 4.1771095E-4 0.0 0.0 0.0 0.0 0.0 0.0 0.08479532 0.027151212 0.020050125 0.007101086 0.019632414 0.023391813 0.0045948206 0.015037594 0.032163743 8.354219E-4 0.0020885547 0.007936508 0.010860484 0.009607351 0.03132832 0.013784461 8.354219E-4 0.010025063 0.033416875 0.053467 0.010860484 0.0029239766 0.03550543 0.0 4.1771095E-4 0.0 4.1771095E-4 0.0 0.0 0.050125312 0.0 
0.0 0.0 0.0 0.0 0.0 0.0 0.0 0.0 0.0 0.0 0.0 0.0 0.0 0.0 0.0 0.0 0.0 0.0 0.0 0.0 0.0 0.0 0.0 0.0 0.0 0.0 0.0 0.0 0.0 0.0 0.0 0.0 0.56054366 0.0 0.0037067544 0.0 0.0 0.0 0.0 0.0 0.0057660625 0.0032948928 0.0 0.0 0.1598023 0.0037067544 0.15280066 0.0 0.0 0.0 0.0 0.0 0.0 0.0 0.0 0.0 0.0 0.0 0.0049423394 0.017710049 0.0 0.0 0.007413509 8.237232E-4 0.0 0.0 0.0 0.0 0.0 0.0 0.0 0.0 0.0 0.0 0.0 0.0 0.0 0.0 0.0 0.0 0.0 0.0 0.0 0.0 0.0 0.0 0.0 0.0 0.0 0.0 0.0 0.0 0.0 0.0 0.0 0.072075784 0.0 0.0 0.0 0.0 0.0 0.0 0.0 0.0 0.0 0.0 0.0 0.0 0.0 0.0 0.0 0.0 0.0 0.0 0.0 0.0 0.0 0.0 0.0 0.0 0.0 0.0 0.0 0.0 0.0 4.118616E-4 0.0 0.0 
0.0 0.0 0.0 0.0 0.0 0.0 0.0 0.0 0.0 0.0 0.0 0.0 0.0 0.0 0.0 0.0 0.0 0.0 0.0 0.0 0.0 0.0 0.0 0.0 0.0 0.0 0.0 0.0 0.0 0.0 0.0 0.0 0.0 0.0 0.0 0.0 0.0 0.0 0.0 0.0 0.0 0.0 0.5 0.0 0.0 0.0 0.0 0.0 0.0 0.0 0.0 0.0 0.0 0.0 0.0 0.0 0.0 0.0 0.0 0.0 0.0 0.0 0.0 0.0 0.0 0.0 0.0 0.0 0.0 0.0 2.8653294E-4 0.0 2.8653294E-4 0.0 0.0 0.0 0.0 0.0 0.0 0.0 0.0 0.0 0.0 0.0 0.0 0.0 0.0 0.0 0.0 0.0 0.0 0.0 0.0 0.0 0.0 0.0 0.0 0.0 0.0 0.0 0.0 0.0 0.29169056 0.0 0.20716332 0.0 0.0 0.0 0.0 0.0 0.0 0.0 0.0 0.0 0.0 0.0 0.0 0.0 0.0 0.0 0.0 0.0 0.0 0.0 0.0 0.0 0.0 0.0 
0.0 0.0 0.0 0.0 0.0 0.0 0.0 0.0 0.0 0.0 0.0 0.0 0.0 0.0 0.0 0.0 0.0 0.0 0.0 0.0 0.0 0.0 0.0 0.0 0.0 0.0 0.0 0.0 0.0 0.0 0.0 0.0 0.8235294 0.0 0.0 0.0 0.0 0.0 0.0 0.0 0.0 0.0 0.0 0.0 0.0 0.005882353 0.011764706 0.0 0.0 0.0 0.0 0.0 0.0 0.0 0.0 0.0 0.0 0.0 0.0 0.0 0.0 0.0 0.0 0.0 0.0 0.0 0.0 0.0 0.011764706 0.0 0.0 0.0 0.005882353 0.0 0.0 0.0 0.0 0.0 0.0 0.005882353 0.0 0.0 0.0 0.0 0.0 0.0 0.0 0.005882353 0.0 0.0 0.0 0.0 0.0 0.0 0.0 0.0 0.0 0.0 0.0 0.005882353 0.0 0.0 0.0 0.0 0.0 0.0 0.0 0.0 0.0 0.0 0.0 0.0 0.0 0.0 0.0 0.0 0.0 0.0 0.0 0.0 0.0 0.0 0.0 0.0 0.0 0.0 0.09411765 0.0 
0.0 0.0 0.0 0.0 0.0 0.0 0.0 0.0 0.0 0.0 0.0 0.0 0.0 0.0 0.0 0.0 0.0 0.0 0.0 0.0 0.0 0.0 0.0 0.0 0.0 0.0 0.0 0.0 0.0 0.0 0.0 0.0 0.98175466 1.6956625E-5 3.391325E-5 2.3739276E-4 0.0 0.0 0.0 0.0 0.0 3.2217588E-4 0.0 0.0 9.834842E-4 7.291349E-4 8.817445E-4 0.0 0.0074439584 2.882626E-4 3.900024E-4 2.882626E-4 5.256554E-4 9.49571E-4 2.034795E-4 3.2217588E-4 3.2217588E-4 2.2043612E-4 3.391325E-5 0.0 3.391325E-5 0.0 0.0032726286 0.0 0.0 0.0 0.0 0.0 0.0 0.0 0.0 0.0 0.0 0.0 1.6956625E-5 0.0 0.0 0.0 0.0 0.0 0.0 0.0 0.0 0.0 0.0 0.0 0.0 0.0 0.0 0.0 0.0 0.0 0.0 0.0 0.0 3.391325E-5 0.0 0.0 1.6956625E-5 0.0 0.0 3.391325E-5 0.0 0.0 0.0 0.0 0.0 0.0 0.0 0.0 0.0 0.0 0.0 0.0 0.0 0.0 1.6956625E-5 0.0 0.0 0.0 0.0 0.0 0.0 0.0 0.0 4.2391563E-4 0.0 0.0 
0.0 0.0 0.0 0.0 0.0 0.0 0.0 0.0 0.0 0.0 0.0 0.0 0.0 0.0 0.0 0.0 0.0 0.0 0.0 0.0 0.0 0.0 0.0 0.0 0.0 0.0 0.0 0.0 0.0 0.0 0.0 0.0 0.28726628 0.0 1.6843523E-4 0.0 0.0 0.0 0.0 4.210881E-4 0.0 1.6843523E-4 0.0 8.4217616E-5 0.0 0.0 0.0 4.210881E-4 5.053057E-4 0.013727472 0.004463534 0.0036213575 0.0026949637 0.0036213575 0.0021054405 0.0021896581 0.0010948291 5.8952335E-4 0.0014316995 8.4217616E-5 4.210881E-4 0.0 0.0 8.4217616E-5 0.0 0.005474145 0.0043793162 0.007242715 0.0018527876 0.0023580934 0.0025265284 0.002442311 0.0034529225 0.0025265284 0.0055583627 9.263938E-4 0.0022738758 0.0037897928 0.0022738758 0.0023580934 0.0048004044 0.0 0.0018527876 0.012127337 0.0032002695 0.0014316995 5.053057E-4 0.0037055751 0.0 0.0015159171 1.6843523E-4 0.0 0.0 0.0 0.0 4.210881E-4 0.0 0.029728819 0.027033856 0.050025266 0.02930773 0.023917804 0.03924541 0.014401212 0.022738757 0.022570321 0.002610746 0.004631969 0.028886642 0.028381336 0.009179721 0.03318174 0.03326596 0.0012632642 0.026612768 0.059794508 0.05170962 0.00884285 0.0058110156 0.020801751 0.0 0.012043119 1.6843523E-4 0.0 0.0 0.0 0.006905845 0.0 
0.0 0.0 0.0 0.0 0.0 0.0 0.0 0.0 0.0 0.0 0.0 0.0 0.0 0.0 0.0 0.0 0.0 0.0 0.0 0.0 0.0 0.0 0.0 0.0 0.0 0.0 0.0 0.0 0.0 0.0 0.0 0.0 0.9193542 0.0 0.0 0.0010669566 0.0 0.0 0.0 0.0 0.0 0.0030800821 0.0 0.0 2.0131256E-5 1.811813E-4 2.0131256E-5 0.0 0.0011474816 0.0013487941 0.0015702379 0.0014494504 8.455127E-4 0.0017514193 5.2341266E-4 5.435439E-4 7.0459396E-4 3.0196883E-4 0.0 0.0 0.0 0.0 1.2078753E-4 0.0 0.0 0.0 0.0 0.0 0.0 0.0 0.0 0.0 0.0 0.0 0.0 0.0 0.0 0.0 0.0 0.0 0.0 0.0 0.0 0.0 0.0 0.0 0.0 0.0 0.0 0.0 0.0 0.0 0.0 0.0 0.0 0.009159721 0.0 0.0 0.0 0.0 0.0 0.0 0.0 0.0 0.0 0.0 0.0 0.0 0.0 0.0 0.0 0.0 0.0 0.0 0.0 0.0 0.0 0.0 0.0 0.0 0.0 0.0 0.0 0.0 0.0 6.442002E-4 0.0 0.0 
0.0 0.0 0.0 0.0 0.0 0.0 0.0 0.0 0.0 0.0 0.0 0.0 0.0 0.0 0.0 0.0 0.0 0.0 0.0 0.0 0.0 0.0 0.0 0.0 0.0 0.0 0.0 0.0 0.0 0.0 0.0 0.0 0.009868421 0.0 0.0 0.0 0.0 0.0 0.0 0.0 0.0 0.0 0.0016447369 0.0 0.0 0.0 0.0016447369 0.0 0.0 0.23848684 0.33552632 0.08552632 0.07236842 0.011513158 0.023026315 0.009868421 0.034539472 0.0016447369 0.0 0.0 0.0 0.0 0.0 0.0 0.0016447369 0.0 0.0 0.0 0.0 0.0 0.0 0.0 0.0 0.0 0.0 0.0 0.0016447369 0.0 0.0 0.0082236845 0.0 0.0 0.0 0.0016447369 0.0 0.0 0.0 0.0 0.0 0.0 0.0 0.0 0.0 0.0 0.0 0.0 0.0016447369 0.0082236845 0.0 0.013157895 0.014802632 0.0 0.0 0.0032894737 0.0016447369 0.0016447369 0.0 0.0 0.0032894737 0.0 0.0 0.027960526 0.0 0.0 0.0016447369 0.0 0.0 0.0032894737 0.0 0.0 0.0 0.0 0.0 0.0 0.0 0.0 0.05756579 0.0 
0.0 0.0 0.0 0.0 0.0 0.0 0.0 0.0 0.0 0.0 0.0 0.0 0.0 0.0 0.0 0.0 0.0 0.0 0.0 0.0 0.0 0.0 0.0 0.0 0.0 0.0 0.0 0.0 0.0 0.0 0.0 0.0 0.3395931 0.0 0.002906327 2.235636E-4 0.0 0.013413817 0.0 0.013413817 0.0 0.016543707 0.0 0.0 0.09814442 0.03666443 0.05969148 0.0013413816 0.3219316 0.007377599 0.0064833444 0.0055890903 0.0093896715 0.0100603625 0.006259781 0.010283926 0.0064833444 0.0049183993 0.0015649452 0.0053655263 0.0 0.0 0.0 0.0 0.0015649452 0.0 0.0 0.0 0.0 0.0 0.0 0.0 0.0 0.0 0.0 0.0 0.0 0.0 0.0 0.0 0.0 0.0 0.0 2.235636E-4 4.471272E-4 0.0 0.0 0.0 0.0 2.235636E-4 0.0 0.0 0.0 0.0 0.0 0.0 0.0067069083 0.0 0.0 0.0 0.0 0.0 0.0 0.0 0.0 0.0 0.0 0.0 2.235636E-4 0.0 0.0 0.0 0.0 0.0 0.0 0.004471272 0.0060362173 0.0 0.0 0.0 0.0 0.0 0.0 0.0 0.0 0.0 0.0020120724 0.0 
0.0 0.0 0.0 0.0 0.0 0.0 0.0 0.0 0.0 0.0 0.0 0.0 0.0 0.0 0.0 0.0 0.0 0.0 0.0 0.0 0.0 0.0 0.0 0.0 0.0 0.0 0.0 0.0 0.0 0.0 0.0 0.0 0.08663983 0.0 0.0011500863 9.584052E-4 0.0 0.0013417673 0.0 9.584052E-4 0.0026835345 0.024918536 0.0 0.0 0.07513897 0.012459268 0.045620088 0.019743148 0.098140694 0.032010734 0.04408664 0.02568526 0.027218709 0.050412115 0.037952848 0.036036037 0.07897259 0.27947095 0.008817328 0.0013417673 0.0 0.0 1.9168104E-4 1.9168104E-4 0.0 0.0 0.0 0.0 0.0 0.0 0.0 0.0 0.0 0.0 0.0 0.0 0.0 0.0 0.0 0.0 0.0 0.0 0.0 0.0 1.9168104E-4 0.0 0.0 0.0 0.0 0.0 0.0 0.0 0.0 0.0019168104 0.0 0.0 3.833621E-4 1.9168104E-4 1.9168104E-4 0.0 0.0 0.0 0.0 0.0 0.0 0.0 0.0 0.0 0.0 0.0 0.0 1.9168104E-4 0.0 0.0 0.0 0.0017251294 1.9168104E-4 0.0 0.0 0.0 0.0 0.0 0.0 0.0 0.0 1.9168104E-4 0.0011500863 0.0 
0.0 0.0 0.0 0.0 0.0 0.0 0.0 0.0 0.0 0.0 0.0 0.0 0.0 0.0 0.0 0.0 0.0 0.0 0.0 0.0 0.0 0.0 0.0 0.0 0.0 0.0 0.0 0.0 0.0 0.0 0.0 0.0 0.15539034 0.0 0.0 0.0026022305 0.0 0.0059479554 0.0 0.008178439 0.0 0.04126394 0.0 0.0 0.13159852 0.034200743 0.079182155 0.0 0.113754645 0.04275093 0.047583643 0.03605948 0.042007435 0.0795539 0.030111523 0.032713756 0.028252788 0.023048326 0.044981413 0.0029739777 0.0 0.0 3.717472E-4 0.0 7.434944E-4 0.0 0.0 3.717472E-4 0.0 0.0 0.0 0.0 0.0 0.0 0.0 0.0 0.0 0.0 0.0 0.0 0.0 0.0 0.0 0.0 0.0 0.0 0.0 0.0 0.0 0.0 0.0 0.0 0.0 0.0 0.0 3.717472E-4 0.001858736 3.717472E-4 0.0 0.0 0.001858736 0.0 0.0 0.0 0.0 0.0 0.0 0.0 0.0 0.0 0.003717472 0.0 0.0 0.0 0.0 3.717472E-4 3.717472E-4 0.0 0.0 0.0 0.0 0.0 0.0 0.0 0.0 0.0 0.0040892195 0.0 
0.0 0.0 0.0 0.0 0.0 0.0 0.0 0.0 0.0 0.0 0.0 0.0 0.0 0.0 0.0 0.0 0.0 0.0 0.0 0.0 0.0 0.0 0.0 0.0 0.0 0.0 0.0 0.0 0.0 0.0 0.0 0.0 0.16029246 0.0 0.0011248594 0.0011248594 0.0 0.0028121485 0.0 5.624297E-4 0.0 0.044431947 0.0 0.0 0.1136108 0.03374578 0.08998875 0.008436445 0.1687289 0.040494937 0.03655793 0.029808775 0.03880765 0.05399325 0.03712036 0.035995502 0.03768279 0.022497188 0.011248594 0.005061867 0.0 0.0 0.0 0.0 0.0 0.0 0.0 0.0 0.0 0.0 0.0 0.0 0.0 0.0 0.0 0.0 0.0 5.624297E-4 0.0 0.0 0.0 0.0 5.624297E-4 0.0 0.0 0.0 0.0 0.0 0.0 0.0 0.0 0.0 0.0 5.624297E-4 0.0 5.624297E-4 0.0028121485 0.0 0.0 0.0 0.003937008 0.0 0.0 0.0 0.0 0.0 0.0 0.0 0.0 0.0 0.0 0.0 0.0 0.0 0.0044994378 0.0 0.0033745782 0.0 0.0 0.0 0.0 0.0 0.0 0.0 5.624297E-4 5.624297E-4 0.0033745782 0.0 
0.0 0.0 0.0 0.0 0.0 0.0 0.0 0.0 0.0 0.0 0.0 0.0 0.0 0.0 0.0 0.0 0.0 0.0 0.0 0.0 0.0 0.0 0.0 0.0 0.0 0.0 0.0 0.0 0.0 0.0 0.0 0.0 0.21193829 6.706908E-4 6.706908E-4 0.0033534542 0.0 0.0053655263 0.0 0.014755198 6.706908E-4 0.036217302 0.0 0.0 0.09389672 0.04761905 0.09657948 6.706908E-4 0.12340711 0.030181086 0.03353454 0.028169014 0.036217302 0.061032865 0.03420523 0.030181086 0.039570756 0.028839706 0.012072435 0.0060362173 0.0 0.0 6.706908E-4 0.0 6.706908E-4 0.0 0.0 6.706908E-4 0.0 0.0 0.0 0.0 0.0 0.0 0.0 0.0 0.0 0.0 0.0 0.0 0.0 0.0 0.0 0.0 6.706908E-4 0.0 0.0 0.0 0.0 0.0 0.0 0.0 0.0 0.0 0.0 0.0033534542 6.706908E-4 0.0 0.0 0.0 0.0 0.0 0.0 0.0 0.0 0.0 0.0 0.0 0.0 0.0 0.0 0.0 0.0 0.0 0.0 0.0 0.012743126 0.0 0.0 0.0 0.0 0.0 0.0 0.0 0.0 0.0 0.0 0.0 
0.0 0.0 0.0 0.0 0.0 0.0 0.0 0.0 0.0 0.0 0.0 0.0 0.0 0.0 0.0 0.0 0.0 0.0 0.0 0.0 0.0 0.0 0.0 0.0 0.0 0.0 0.0 0.0 0.0 0.0 0.0 0.0 0.21637695 0.0 0.004117109 4.5745654E-4 0.0 0.015553523 0.0 9.149131E-4 0.0 0.029277219 0.0 0.0 0.094693504 0.03842635 0.059011895 0.0 0.16331199 0.024702653 0.030649588 0.02516011 0.037511438 0.029734675 0.028819762 0.03659652 0.06221409 0.064958826 0.005946935 0.0054894784 0.0 0.0 0.0 0.0 4.5745654E-4 0.0 0.0 0.0 0.0 0.0 0.0 0.0 0.0 0.0 0.0 0.0 0.0 0.0 0.0 0.0 0.0 0.0 0.0 0.0 0.0 0.0 0.0 0.0 0.0 0.0 0.0 0.0 0.0 4.5745654E-4 0.0 4.5745654E-4 0.0077767614 0.0 0.0 0.0 0.0 0.0 0.0 0.0 0.0 0.0 0.0 0.0 0.0 0.0 0.0 4.5745654E-4 0.0 0.0 0.0 0.0 0.009606588 0.0 0.0 0.0 0.0 0.0 0.0 0.0 0.0 0.0 0.0036596523 0.0 
0.0 0.0 0.0 0.0 0.0 0.0 0.0 0.0 0.0 0.0 0.0 0.0 0.0 0.0 0.0 0.0 0.0 0.0 0.0 0.0 0.0 0.0 0.0 0.0 0.0 0.0 0.0 0.0 0.0 0.0 0.0 0.0 0.17041582 0.0 0.0013633266 6.816633E-4 0.0 0.004771643 0.0 0.004771643 0.0 0.025903204 0.0 0.0 0.076346286 0.036809817 0.06339468 6.816633E-4 0.2413088 0.12610771 0.048398092 0.029311521 0.02317655 0.038854804 0.015678255 0.014996592 0.018404908 0.016359918 0.004771643 0.008179959 0.0 0.0 6.816633E-4 0.0 6.816633E-4 0.0 0.0 0.0 0.0 0.0 0.0 0.0 0.0 0.0 0.0 0.0 0.0 0.0 0.0 0.0 0.0 0.0 0.0 0.0 0.0 0.0 0.0 0.0 0.0 0.0 0.0 0.0 0.0 6.816633E-4 0.0 6.816633E-4 6.816633E-4 0.0 0.0 0.0 0.0 0.0 0.0 0.0 0.0 0.0 0.0 0.0 0.0 0.0 0.0 6.816633E-4 0.0 0.0 0.0 0.0 0.011588275 0.0 0.0 0.0 0.0 0.0 0.0 0.0 6.816633E-4 0.0 0.008861623 0.0 
0.0 0.0 0.0 0.0 0.0 0.0 0.0 0.0 0.0 0.0 0.0 0.0 0.0 0.0 0.0 0.0 0.0 0.0 0.0 0.0 0.0 0.0 0.0 0.0 0.0 0.0 0.0 0.0 0.0 0.0 0.0 0.0 0.1977716 0.0 0.0 9.285051E-4 0.0 0.0046425257 0.0 9.285051E-4 0.0 0.029712163 0.0 0.0 0.1272052 0.04363974 0.084493965 0.0055710305 0.120705664 0.024141133 0.031569175 0.018570103 0.025998143 0.076137416 0.028783659 0.029712163 0.038068708 0.03064067 0.017641596 0.009285051 0.0 0.0 0.0 0.0 0.0055710305 0.0 0.0 0.0 0.0 0.0 0.0 0.0 0.0 0.0 0.0 0.0 0.0 0.0 0.0 0.0 0.0 0.0 0.0 0.0 9.285051E-4 0.0 0.0 0.0 0.0 0.0 0.0 0.0 0.0 0.0 0.0 0.008356546 0.0055710305 0.0 9.285051E-4 0.0 0.0 0.0 0.0 0.0 0.0 0.0 0.0 0.0 0.0 0.0 0.0 0.0 0.0 0.0 0.0 0.0 0.022284122 0.0 0.0 0.0 0.0 0.0 0.0 0.0 0.0 0.0 0.008356546 0.0 
0.0 0.0 0.0 0.0 0.0 0.0 0.0 0.0 0.0 0.0 0.0 0.0 0.0 0.0 0.0 0.0 0.0 0.0 0.0 0.0 0.0 0.0 0.0 0.0 0.0 0.0 0.0 0.0 0.0 0.0 0.0 0.0 0.20558572 0.0 0.0 7.757952E-4 0.0 0.003878976 0.0 0.007757952 0.0015515904 0.032583397 0.0 0.0 0.12490302 0.041117147 0.057408843 7.757952E-4 0.09464701 0.055081457 0.028704422 0.034910783 0.031031808 0.052754074 0.045771915 0.03878976 0.042668734 0.052754074 0.0069821565 0.004654771 7.757952E-4 0.0 7.757952E-4 0.0 0.0 0.0 0.0 0.0 0.0 0.0 0.0 0.0 0.0 0.0 0.0 0.0 0.0 0.0 0.0 0.0 0.0 0.0 0.0 0.0 7.757952E-4 0.0 0.0 0.0 0.0 0.0 0.0 0.0 0.0 7.757952E-4 0.0 0.004654771 0.0 0.0 0.0 0.0 0.0 0.0 0.0 0.0 0.0 0.0 0.0 0.0 0.0 0.0 0.0 0.0 0.0 0.0 0.0 0.0 0.017067494 0.0 0.0 0.0 0.0 0.0 0.0 0.0 0.0 0.0 7.757952E-4 0.0 
0.0 0.0 0.0 0.0 0.0 0.0 0.0 0.0 0.0 0.0 0.0 0.0 0.0 0.0 0.0 0.0 0.0 0.0 0.0 0.0 0.0 0.0 0.0 0.0 0.0 0.0 0.0 0.0 0.0 0.0 0.0 0.0 0.07825679 0.0 4.6860357E-4 4.6860357E-4 0.0 4.6860357E-4 0.0 4.6860357E-4 0.0 0.016401125 0.0 0.0 0.059981257 0.014526711 0.044048734 4.6860357E-4 0.055763822 0.049203373 0.06185567 0.05154639 0.080599815 0.23149016 0.19165885 0.010777882 0.012652297 0.010309278 0.004217432 9.3720714E-4 4.6860357E-4 0.0 0.0 0.0 4.6860357E-4 0.0 0.0 0.0 0.0 0.0 0.0 0.0 0.0 0.0 0.0 0.0 0.0 0.0 0.0 0.0 0.0 0.0 0.0 0.0 4.6860357E-4 0.0 0.0 0.0 0.0 0.0 0.0 0.0 0.0 4.6860357E-4 0.0 0.0037488285 0.0 0.0 0.0 0.0 0.0 4.6860357E-4 0.0 0.0 0.0 0.0 0.0 0.0 0.0 0.0 0.0 0.0 0.0 0.0 0.0 0.0 0.010777882 0.0 0.0 0.0 0.0 0.0 0.0 0.0 0.0 0.0 0.0023430178 0.0 
0.0 0.0 0.0 0.0 0.0 0.0 0.0 0.0 0.0 0.0 0.0 0.0 0.0 0.0 0.0 0.0 0.0 0.0 0.0 0.0 0.0 0.0 0.0 0.0 0.0 0.0 0.0 0.0 0.0 0.0 0.0 0.0 0.75212395 0.0 0.0 0.014492754 0.0 0.0 0.0 0.0 0.0 0.0 0.0 0.0 0.0 0.0 0.0 0.0 0.019490255 0.019990005 0.017491255 0.058970515 0.008995502 0.0064967517 4.9975014E-4 9.995003E-4 9.995003E-4 4.9975014E-4 0.0 0.0 0.0 0.0 0.003998001 0.0 0.0 0.0 0.0 0.0 0.0 0.0 0.0 0.0 0.0 0.0 0.0 0.0 0.0 0.0 0.0 0.0 0.0 0.0 0.0 0.0 0.0 0.0 0.0 0.0 0.0 0.0 0.0 0.0 0.0 0.0 0.0 0.07646177 0.0 0.0 0.0 0.0 0.0 0.0 0.0 0.0 0.0 0.0 0.0 0.0 0.0 0.0 0.0 0.0 0.0 0.0 0.0 0.0 0.0 0.0 0.0 0.0 0.0 0.0 0.0 0.0 0.0 4.9975014E-4 0.0 0.0 
0.0 0.0 0.0 0.0 0.0 0.0 0.0 0.0 0.0 0.0 0.0 0.0 0.0 0.0 0.0 0.0 0.0 0.0 0.0 0.0 0.0 0.0 0.0 0.0 0.0 0.0 0.0 0.0 0.0 0.0 0.0 0.0 0.9974573 0.0 0.0 0.0 0.0 0.0 0.0 0.0 0.0 0.0 0.0 0.0 0.0 0.0 0.0 0.0 0.0 0.0 0.0 0.0 0.0 0.0 0.0 0.0 0.0 0.0 0.0 0.0 0.0 0.0 0.0018162006 0.0 0.0 0.0 0.0 0.0 0.0 0.0 0.0 0.0 0.0 0.0 0.0 0.0 0.0 0.0 0.0 0.0 0.0 0.0 0.0 0.0 0.0 0.0 0.0 0.0 0.0 0.0 0.0 0.0 0.0 0.0 0.0 0.0 0.0 0.0 0.0 0.0 0.0 0.0 0.0 0.0 0.0 0.0 0.0 0.0 0.0 0.0 0.0 0.0 0.0 0.0 0.0 0.0 0.0 0.0 0.0 0.0 0.0 0.0 0.0 0.0 0.0 3.632401E-4 0.0 0.0 
0.0 0.0 0.0 0.0 0.0 0.0 0.0 0.0 0.0 0.0 0.0 0.0 0.0 0.0 0.0 0.0 0.0 0.0 0.0 0.0 0.0 0.0 0.0 0.0 0.0 0.0 0.0 0.0 0.0 0.0 0.0 0.0 0.0 0.0 0.009366925 0.0 0.0 0.0 0.0 3.2299742E-4 0.0 0.0 0.0 0.0 0.0 0.0 0.0 0.0 0.0 3.2299742E-4 0.0 0.0 0.0 0.0 0.0 0.0 0.0 0.0 0.0 0.0 0.0 0.0 0.0 0.0 3.2299742E-4 0.040374678 0.024547804 0.041020673 0.032945737 0.015180878 0.010981912 0.019379845 0.017118864 0.030361757 0.0080749355 0.004844961 0.019379845 0.019379845 0.015826873 0.012273902 0.031976745 0.0125969 0.01873385 0.032299742 0.09076227 0.015826873 0.0080749355 0.013565891 0.0035529716 0.0035529716 0.0022609818 0.0 0.0 0.0 0.0 0.0 0.0 0.03262274 0.02131783 0.02002584 0.022286821 0.019702842 0.019379845 0.009689922 0.0251938 0.025839793 0.0 0.0067829457 0.016472869 0.014211887 0.02616279 0.01873385 0.027131783 0.0 0.014211887 0.032299742 0.041989665 0.0058139535 0.0071059433 0.026808785 0.0 0.006459948 3.2299742E-4 0.0 0.0 0.0 0.0 0.0 
0.0 0.0 0.0 0.0 0.0 0.0 0.0 0.0 0.0 0.0 0.0 0.0 0.0 0.0 0.0 0.0 0.0 0.0 0.0 0.0 0.0 0.0 0.0 0.0 0.0 0.0 0.0 0.0 0.0 0.0 0.0 0.0 0.0 0.0 0.0 0.0 0.0 0.0 0.0 0.0 0.0 0.0 0.0 0.0 0.0 0.0 0.0 0.0 0.0 0.0 0.0 0.0 0.0 0.0 0.0 0.0 0.0 0.0 0.0 0.0 0.0 0.0 0.0 0.0 0.0 0.0 0.0 0.0 0.0 0.0 0.0 0.0 0.0 0.0 0.0 0.0 0.0 0.0 0.0 0.0 0.0 0.0 0.0 0.0 0.0 0.0 0.0 0.0 0.0 0.0 0.0 0.0 0.0 0.0 0.0 0.0 0.0 0.0 0.0 0.0 0.0 0.0 0.0 0.0 0.0 0.0 0.0 0.0 0.0 0.0 0.0 0.0 0.0 0.0 0.0 0.0 0.0 0.0 0.0 0.0 0.0 0.0 0.0 0.0 0.0 0.0 0.0 0.0 
0.0 0.0 0.0 0.0 0.0 0.0 0.0 0.0 0.0 0.0 0.0 0.0 0.0 0.0 0.0 0.0 0.0 0.0 0.0 0.0 0.0 0.0 0.0 0.0 0.0 0.0 0.0 0.0 0.0 0.0 0.0 0.0 0.67075926 0.0 0.019386107 0.0 0.0 0.0 0.0035541195 6.462036E-4 3.231018E-4 0.016801292 0.0 0.0 0.11276252 0.019386107 0.14022617 0.0 0.0 0.0 0.0 0.0 0.0 0.0 0.0 0.0 0.0 0.0 0.0016155089 0.004523425 0.0 0.0 0.0 0.0 0.0 0.0 0.0 0.0 0.0 0.0 0.0 0.0 3.231018E-4 0.0 0.0 0.0 0.0 0.0 0.0 3.231018E-4 0.0 0.0 0.0 0.0 0.0 0.0 0.0 0.0 0.0 0.0 0.0 0.0 0.0 0.0016155089 0.0 0.0 0.0 0.0 0.0 0.0 3.231018E-4 3.231018E-4 3.231018E-4 0.0 3.231018E-4 0.0 0.0 0.0 0.0 0.0 0.0 0.0 0.0 0.0 0.0 0.0 0.0016155089 0.0 0.0 3.231018E-4 0.0 0.0 0.0 0.0 0.0 0.0 0.0 0.0 
0.0 0.0 0.0 0.0 0.0 0.0 0.0 0.0 0.0 0.0 0.0 0.0 0.0 0.0 0.0 0.0 0.0 0.0 0.0 0.0 0.0 0.0 0.0 0.0 0.0 0.0 0.0 0.0 0.0 0.0 0.0 0.0 0.8659004 0.0 0.0034057046 0.008088549 0.0 0.0 0.0 0.0 0.0 0.0072371224 0.0 0.0 4.2571308E-4 0.004257131 4.2571308E-4 0.0 0.0 0.0 0.0 0.0 0.0 0.0 0.0 0.0 0.0 0.0 0.0 4.2571308E-4 0.0 0.0 0.021285653 0.0 0.0 0.0 0.0 0.0 0.0 0.0 0.0 0.0 0.0 0.0 0.0 0.0 0.0 0.0 0.0 0.0 0.0 0.0 0.0 0.0 0.0 0.0 0.0 0.0 0.0 0.0 0.0 0.0 0.0 4.2571308E-4 0.0 0.0029799915 0.0 0.0 0.0 0.0 0.0 0.0 0.0 0.0 0.0 0.0 0.0 0.0 0.0 0.0 0.0 0.0 0.0 0.0 0.0 0.0 4.2571308E-4 0.0 0.0 0.0 0.0 0.0 0.0 0.0 0.0 4.2571308E-4 0.0 0.0 
0.0 0.0 0.0 0.0 0.0 0.0 0.0 0.0 0.0 0.0 0.0 0.0 0.0 0.0 0.0 0.0 0.0 0.0 0.0 0.0 0.0 0.0 0.0 0.0 0.0 0.0 0.0 0.0 0.0 0.0 0.0 0.0 0.5936795 0.0 0.0022573364 0.241535 0.0 0.0 0.0 0.0 0.0 0.0 0.0 0.0 0.0 0.0022573364 0.004514673 0.0112866815 0.0 0.0 0.0112866815 0.0 0.0022573364 0.0 0.0022573364 0.0 0.0022573364 0.0 0.0 0.0022573364 0.0 0.0 0.0 0.0 0.0 0.0 0.0 0.0 0.0 0.0 0.0 0.0 0.0 0.0 0.0 0.0 0.0 0.0 0.0 0.0 0.0 0.0 0.0 0.0 0.0 0.0 0.0 0.0 0.0 0.0022573364 0.0 0.0 0.0 0.0 0.0 0.06546275 0.0 0.0 0.0 0.0 0.0 0.0 0.0 0.0 0.0 0.0 0.0 0.0 0.0 0.0 0.0 0.0 0.0 0.0 0.0022573364 0.0 0.0 0.0 0.0 0.0 0.0 0.0 0.0 0.0 0.0 0.0 0.0 0.0 
0.0 0.0 0.0 0.0 0.0 0.0 0.0 0.0 0.0 0.0 0.0 0.0 0.0 0.0 0.0 0.0 0.0 0.0 0.0 0.0 0.0 0.0 0.0 0.0 0.0 0.0 0.0 0.0 0.0 0.0 0.0 0.0 0.1065625 0.0 7.8125E-4 9.375E-4 0.0 0.0 0.016171874 0.001171875 0.0 0.00203125 0.0 5.46875E-4 0.001875 9.375E-4 0.0025 7.8125E-5 0.0 0.0 0.0 0.0 0.0 0.0 0.0 0.0 0.0 0.0 7.03125E-4 7.8125E-5 0.0 0.0 0.001015625 0.0 0.0 8.59375E-4 0.004375 0.0125 0.008515625 0.0015625 0.001484375 0.005234375 0.001015625 0.009453125 7.8125E-5 0.001171875 0.027265625 0.01328125 0.040234376 1.5625E-4 0.00734375 7.8125E-5 0.0253125 0.0175 0.038359374 0.00390625 0.00296875 8.59375E-4 0.001484375 0.00765625 7.8125E-5 0.0 0.0 0.0 0.0 7.8125E-5 0.0 7.8125E-4 0.012265625 0.025078125 0.027421875 0.002109375 0.02859375 0.01203125 0.00234375 0.007265625 0.0 7.8125E-5 0.08546875 0.08296875 0.13804688 7.8125E-5 0.015 3.90625E-4 0.051640626 0.0659375 0.048046876 0.01765625 0.005234375 0.001328125 3.90625E-4 4.6875E-4 0.0 0.0 0.0 3.90625E-4 0.0 0.0 
0.0 0.0 0.0 0.0 0.0 0.0 0.0 0.0 0.0 0.0 0.0 0.0 0.0 0.0 0.0 0.0 0.0 0.0 0.0 0.0 0.0 0.0 0.0 0.0 0.0 0.0 0.0 0.0 0.0 0.0 0.0 0.0 0.0062084896 0.0 0.0011550678 2.8876695E-4 0.0 0.0 0.018047934 0.003609587 0.0 0.0031764365 0.0 8.663009E-4 8.663009E-4 0.0030320531 0.0011550678 0.0 0.0 0.0 0.0 0.0 0.0 0.0 0.0 1.4438348E-4 0.0 0.0 1.4438348E-4 0.0 0.0 0.0 2.8876695E-4 0.0 0.0 0.014582732 0.0015882183 0.0014438349 1.4438348E-4 0.011983829 0.0 2.8876695E-4 0.0 0.008807393 0.0 0.0 0.009384926 0.0030320531 1.4438348E-4 0.01371643 1.4438348E-4 0.0 0.003898354 0.0046202713 0.0014438349 0.0121282125 0.0 8.663009E-4 0.0 0.0034652036 0.0 0.0 0.0 0.0 0.0 1.4438348E-4 0.0 0.11334103 0.0 0.0 0.0 0.14524978 0.0 0.0 0.0 0.049090385 1.4438348E-4 0.0 0.03782847 0.0 0.0 0.09731447 0.0 0.0 0.12806815 0.0 0.0 0.2604678 0.0 0.0 0.0 0.03638464 0.0 0.0 0.0 1.4438348E-4 0.0 0.0 
0.0 0.0 0.0 0.0 0.0 0.0 0.0 0.0 0.0 0.0 0.0 0.0 0.0 0.0 0.0 0.0 0.0 0.0 0.0 0.0 0.0 0.0 0.0 0.0 0.0 0.0 0.0 0.0 0.0 0.0 0.0 0.0 0.015553827 0.0 2.2219753E-4 1.11098765E-4 0.0 0.0 0.022219753 0.0017775802 0.0 0.0021108766 0.0 2.2219753E-4 0.001444284 6.665926E-4 0.0015553827 0.0 0.0 0.0 0.0 0.0 0.0 0.0 0.0 0.0 0.0 0.0 0.0 1.11098765E-4 0.0 0.0 0.006777025 0.0 0.0 0.024108432 0.0011109876 0.0016664815 0.002333074 0.022997444 0.0 0.0 0.023664037 0.010109988 1.11098765E-4 0.006665926 0.006777025 1.11098765E-4 0.0 0.0268859 0.0 0.0 0.007888013 0.0041106544 0.018331297 0.0049994444 1.11098765E-4 0.0 0.0 0.0022219752 0.0 0.0 0.0 0.0 0.0 1.11098765E-4 0.0 0.14220642 0.0 0.0 0.0 0.027441395 7.7769137E-4 0.0 0.1623153 0.02888568 0.0 0.0 0.04788357 1.11098765E-4 0.0 0.3154094 0.0 0.0 0.026663704 1.11098765E-4 1.11098765E-4 0.0268859 0.0 0.0 0.0 0.0022219752 0.001444284 0.0 0.0 0.0 0.0 0.0 
0.0 0.0 0.0 0.0 0.0 0.0 0.0 0.0 0.0 0.0 0.0 0.0 0.0 0.0 0.0 0.0 0.0 0.0 0.0 0.0 0.0 0.0 0.0 0.0 0.0 0.0 0.0 0.0 0.0 0.0 0.0 0.0 0.083837 0.0 0.0 0.014232794 0.0 0.0 0.023981282 0.0033144862 0.0 0.0025346072 0.0 0.0 0.0019496978 0.0013647885 0.006823942 0.0011698187 1.9496978E-4 0.0 0.0 0.0 0.0 0.0 0.0 0.0 1.9496978E-4 0.0 0.0037044259 1.9496978E-4 0.0 0.0 0.0019496978 9.748489E-4 0.0 0.016377462 1.9496978E-4 0.0056541236 0.003509456 0.047182687 1.9496978E-4 0.0023396374 1.9496978E-4 0.037239227 0.0025346072 0.0 0.0037044259 3.8993955E-4 0.0013647885 0.013842855 1.9496978E-4 0.0 0.009553519 0.011308247 0.0011698187 0.013452915 0.001754728 0.002729577 0.0 0.0021446676 0.0 0.0 0.0 0.0 0.0 0.0011698187 0.0 0.11522714 0.0 0.0 0.0 0.20120881 0.0 0.0 0.0 0.10040943 0.0013647885 0.0 0.0 0.0 1.9496978E-4 0.12458569 0.0 0.0 0.067069605 0.0 0.0 0.05537142 1.9496978E-4 0.0040943655 0.0 0.0046792747 0.0 0.0 0.0 1.9496978E-4 0.0 0.0 
0.0 0.0 0.0 0.0 0.0 0.0 0.0 0.0 0.0 0.0 0.0 0.0 0.0 0.0 0.0 0.0 0.0 0.0 0.0 0.0 0.0 0.0 0.0 0.0 0.0 0.0 0.0 0.0 0.0 0.0 0.0 0.0 0.12717071 1.3358268E-4 0.0012022442 0.013091103 0.0 0.0 0.012823938 0.0016029923 0.0 0.0014694096 0.0 0.0 0.008014961 0.0049425596 0.0049425596 0.0 0.0 0.0 0.0 0.0 0.0 0.0 0.0 0.0 0.0 0.0 0.0040074806 1.3358268E-4 0.0 0.0 1.3358268E-4 6.679134E-4 0.0 0.032994922 0.0020037403 0.020037403 0.03927331 0.01843441 0.005610473 0.0045418115 2.6716536E-4 0.0026716536 1.3358268E-4 0.002538071 0.020304568 0.018835159 0.04835693 0.0044082287 0.009217205 0.002538071 0.080416776 0.069997326 0.022441892 0.0012022442 0.0066791344 0.009751536 0.009484371 0.0040074806 1.3358268E-4 0.0 0.0 0.0 0.0 0.0037403153 0.0 0.056371894 0.0 0.005610473 0.02831953 0.0 8.0149615E-4 0.0036067325 8.0149615E-4 0.02190756 0.0 0.0037403153 0.033128507 0.01736575 0.06438685 0.0 0.0033395672 0.0024044884 0.011488111 0.009350788 0.0034731498 0.03272776 0.05316591 1.3358268E-4 0.023243388 0.0017365749 1.3358268E-4 0.0 0.0 0.0014694096 0.0 0.0 
0.0 0.0 0.0 0.0 0.0 0.0 0.0 0.0 0.0 0.0 0.0 0.0 0.0 0.0 0.0 0.0 0.0 0.0 0.0 0.0 0.0 0.0 0.0 0.0 0.0 0.0 0.0 0.0 0.0 0.0 0.0 0.0 0.06385566 0.0 0.0 2.027164E-4 0.0 0.0 0.017839042 2.027164E-4 0.0 0.0014190148 0.0 2.027164E-4 0.0032434624 0.0016217312 0.0028380295 0.0 0.0 0.0 0.0 0.0 0.0 0.0 0.0 0.0 0.0 0.0 0.0 0.0 0.0 0.0 0.0 0.0 0.0 0.010338536 0.0016217312 2.027164E-4 0.0014190148 0.017636327 0.006081492 0.0 4.054328E-4 0.019055342 0.0 0.0 0.0068923575 2.027164E-4 2.027164E-4 0.027772147 0.0 0.0 0.009324955 0.0 0.0 0.006486925 0.0 0.0 0.0 2.027164E-4 0.0 0.0 0.0 0.0 0.0 2.027164E-4 0.0 0.07257247 0.0 0.0 0.0 0.08696534 0.0 0.0 0.0 0.1297385 0.0 0.0 0.031826474 0.0 0.0 0.23920535 0.0 0.0 0.19683762 0.0 0.0 0.039124265 0.0 0.0 0.0 2.027164E-4 0.0 0.0 0.0 2.027164E-4 0.0 0.0 
0.0 0.0 0.0 0.0 0.0 0.0 0.0 0.0 0.0 0.0 0.0 0.0 0.0 0.0 0.0 0.0 0.0 0.0 0.0 0.0 0.0 0.0 0.0 0.0 0.0 0.0 0.0 0.0 0.0 0.0 0.0 0.0 0.04474708 2.4319066E-4 2.4319066E-4 0.00364786 0.0 0.0 0.015564202 0.0043774317 0.0 4.8638132E-4 0.0 0.0 0.0012159533 0.0026750972 0.0024319065 0.0 0.0 0.0 0.0 0.0 0.0 0.0 0.0 0.0 0.0 0.0 0.0 0.0 0.0 0.0 2.4319066E-4 0.0 0.0 0.013375486 0.0 2.4319066E-4 2.4319066E-4 0.031857975 2.4319066E-4 2.4319066E-4 0.009241245 0.010214007 0.0 0.0 0.0029182879 2.4319066E-4 0.0060797664 0.017023345 0.0 0.0 0.017023345 0.0046206224 0.005593385 0.00364786 0.0 0.0 0.0 0.0019455253 0.0 0.0 0.0 0.0 0.0 0.0 0.0 0.09022374 0.0 0.0 0.0 0.19941634 0.0 0.0 0.0034046692 0.043774318 0.0 0.0 0.024075875 0.0 0.0 0.21473736 0.0 0.0 0.17339495 0.0 0.0 0.042801555 0.0 2.4319066E-4 0.0 0.0024319065 0.0 0.0 0.0 0.0014591439 0.0 0.0 
0.0 0.0 0.0 0.0 0.0 0.0 0.0 0.0 0.0 0.0 0.0 0.0 0.0 0.0 0.0 0.0 0.0 0.0 0.0 0.0 0.0 0.0 0.0 0.0 0.0 0.0 0.0 0.0 0.0 0.0 0.0 0.0 0.015090653 1.08565844E-4 1.08565844E-4 0.0022798828 0.0 0.0 0.009445229 0.0 0.0 2.1713169E-4 0.0 1.08565844E-4 0.0018456194 6.5139506E-4 9.770927E-4 0.0 0.0 0.0 0.0 0.0 0.0 0.0 1.08565844E-4 0.0 0.0 0.0 5.428292E-4 1.08565844E-4 0.0 0.0 7.599609E-4 1.08565844E-4 0.0 0.018673325 2.1713169E-4 1.08565844E-4 0.0 0.07002497 1.08565844E-4 0.0 1.08565844E-4 0.013896428 0.0 1.08565844E-4 2.1713169E-4 1.08565844E-4 0.0031484095 0.01932472 1.08565844E-4 0.0 0.002822712 0.0 0.0027141462 0.0017370535 0.0 0.0 0.0 0.0030398436 0.0 0.0 0.0 0.0 0.0 1.08565844E-4 0.0 0.12647921 0.0 0.0 0.0 0.4420801 0.0 0.0 0.0 0.093583755 0.0 0.0 0.0 1.08565844E-4 0.0 0.13440451 0.0 0.0 1.08565844E-4 0.0 0.0 0.03007274 0.0 5.428292E-4 0.0 0.0022798828 0.0 0.0 0.0 0.0 0.0 0.0 
0.0 0.0 0.0 0.0 0.0 0.0 0.0 0.0 0.0 0.0 0.0 0.0 0.0 0.0 0.0 0.0 0.0 0.0 0.0 0.0 0.0 0.0 0.0 0.0 0.0 0.0 0.0 0.0 0.0 0.0 0.0 0.0 0.33772337 0.0 7.9417607E-4 0.0 0.0 0.0 0.002382528 0.045334216 0.0 5.294507E-4 0.0 0.0 0.0023163469 7.279947E-4 3.3090668E-4 0.0 0.0 0.0 0.0 0.0 0.0 0.0 0.0 0.0 0.0 0.0 0.0 0.0 0.0 0.0 7.279947E-4 3.9708804E-4 0.0 0.0064195897 0.0023163469 0.018729318 0.0063534086 0.008007942 0.0040370617 0.0044341497 0.0 6.618134E-5 6.618134E-5 5.294507E-4 0.008802118 0.0071475846 0.0436135 0.024090007 0.00198544 5.95632E-4 0.0070152218 0.015949702 0.02031767 3.9708804E-4 0.004897419 0.0 0.0011250827 0.0 0.0015221707 0.0 0.0 0.0 0.0 0.0 0.0 0.0 3.9708804E-4 5.95632E-4 0.0018530774 1.3236268E-4 0.047782924 6.6181336E-4 6.618134E-5 6.618134E-5 0.0 3.3090668E-4 0.005757776 0.004698875 0.16975513 9.9272E-4 0.0 0.0 0.0066181337 0.02230311 0.1563865 0.0 0.001191264 0.0 0.0 0.0 4.6326936E-4 0.0 0.0 1.3236268E-4 0.0 0.0 
0.0 0.0 0.0 0.0 0.0 0.0 0.0 0.0 0.0 0.0 0.0 0.0 0.0 0.0 0.0 0.0 0.0 0.0 0.0 0.0 0.0 0.0 0.0 0.0 0.0 0.0 0.0 0.0 0.0 0.0 0.0 0.0 3.288392E-4 0.0 3.288392E-4 0.0 0.0 0.0 0.042420257 3.288392E-4 0.0 3.288392E-4 0.0 0.0 3.288392E-4 0.0 0.0 0.0 0.0 0.0 3.288392E-4 0.0 0.0 0.0 0.0 0.0 0.0 0.0 0.0 0.0 0.0 0.0 3.288392E-4 0.0 0.0 0.0046037487 0.0 0.0 0.0 0.0029595527 0.0 0.0 0.0 3.288392E-4 0.0 0.0 0.0 0.0 0.0 0.011838211 0.0 0.0 0.004932588 3.288392E-4 0.0 0.011509372 0.0 0.0 0.0 3.288392E-4 0.0 0.0 0.0 0.0 0.0 0.0 0.0 0.20124958 0.0 0.0 0.0 0.18842486 0.0 0.0 0.0 0.019730352 0.0 0.0 0.0 0.0 0.0 0.28806314 0.0 0.0 0.02038803 0.0 0.0 0.19927655 0.0 0.0 0.0 0.0 0.0 0.0 0.0 0.0 0.0 0.0 
0.0 0.0 0.0 0.0 0.0 0.0 0.0 0.0 0.0 0.0 0.0 0.0 0.0 0.0 0.0 0.0 0.0 0.0 0.0 0.0 0.0 0.0 0.0 0.0 0.0 0.0 0.0 0.0 0.0 0.0 0.0 0.0 0.03538283 0.0 5.800464E-4 0.004640371 0.0 0.0 0.020301623 0.0011600928 5.800464E-4 5.800464E-4 0.0 0.0 0.005220418 5.800464E-4 0.0040603247 0.0 0.0 0.0 0.0 0.0 0.0 0.0 0.0 0.0 0.0 0.0 5.800464E-4 0.0 0.0 0.0 0.0 5.800464E-4 0.0 0.0098607885 5.800464E-4 0.0034802784 0.0 0.030742459 0.0011600928 5.800464E-4 0.0 0.013921114 0.0 5.800464E-4 0.002900232 5.800464E-4 0.005800464 0.0011600928 0.0 5.800464E-4 0.0034802784 0.024941996 0.0034802784 0.0 5.800464E-4 5.800464E-4 0.0 0.0034802784 0.0 0.0 0.0 0.0 0.0 5.800464E-4 0.0 0.16763341 0.0 0.0 0.0 0.23607889 0.0 0.0 0.054524362 0.15487239 0.0 0.0 0.012180975 0.0 0.031322505 0.091067284 0.0 0.0 0.045823667 0.0 0.0 0.0098607885 0.0 5.800464E-4 0.0 0.006960557 0.0 0.0 5.800464E-4 0.0 0.0 0.0 
0.0 0.0 0.0 0.0 0.0 0.0 0.0 0.0 0.0 0.0 0.0 0.0 0.0 0.0 0.0 0.0 0.0 0.0 0.0 0.0 0.0 0.0 0.0 0.0 0.0 0.0 0.0 0.0 0.0 0.0 0.0 0.0 0.053244233 2.155637E-4 4.311274E-4 0.004742401 0.0 0.0 0.015951714 0.002802328 0.0 0.0010778185 0.0 0.0 2.155637E-4 0.0019400733 4.311274E-4 0.0 0.0 0.0 0.0 0.0 0.0 0.0 0.0 0.0 0.0 0.0 2.155637E-4 0.0 0.0 0.0 2.155637E-4 0.0 0.0 0.045915067 0.0010778185 0.0 0.013796077 0.05884889 0.0032334556 2.155637E-4 2.155637E-4 0.03664583 0.0 0.0010778185 0.027592154 0.0019400733 2.155637E-4 0.025436517 0.0034490193 2.155637E-4 0.0017245096 0.011856004 0.0068980386 0.009700366 0.0025867643 0.0 0.0 0.013149385 2.155637E-4 0.0 0.0 0.0 0.0 0.0012933821 0.0 0.17288208 0.0 0.0 0.0 0.13645183 0.0 0.0 0.0 0.123733565 0.0 0.0 0.003017892 0.0 0.0 0.1549903 0.0 0.0 0.0 0.0 0.002802328 0.04957965 0.0 0.0 0.0 0.006466911 0.0 0.0 0.0 2.155637E-4 0.0 0.0 
0.0 0.0 0.0 0.0 0.0 0.0 0.0 0.0 0.0 0.0 0.0 0.0 0.0 0.0 0.0 0.0 0.0 0.0 0.0 0.0 0.0 0.0 0.0 0.0 0.0 0.0 0.0 0.0 0.0 0.0 0.0 0.0 0.016475644 0.0 1.1938873E-4 0.0025071632 0.0 0.0 0.01504298 1.1938873E-4 0.0 1.1938873E-4 0.0 0.0 9.5510983E-4 8.357211E-4 5.9694366E-4 0.0 0.0 0.0 0.0 0.0 0.0 0.0 0.0 0.0 0.0 0.0 1.1938873E-4 1.1938873E-4 0.0 0.0 2.3877746E-4 0.0 0.0 0.02363897 0.0041786055 5.9694366E-4 1.1938873E-4 0.03760745 1.1938873E-4 1.1938873E-4 1.1938873E-4 0.01504298 0.0 0.0 1.1938873E-4 0.0032234958 1.1938873E-4 0.0136103155 0.009551099 0.0 0.002626552 0.0037010505 1.1938873E-4 0.0063276025 1.1938873E-4 0.0 0.0 5.9694366E-4 0.0 0.0 0.0 0.0 0.0 7.163324E-4 0.0 0.26193887 0.0 0.018744031 0.0 0.0815425 1.1938873E-4 0.0 0.0 0.12117956 0.0 0.0 1.1938873E-4 0.001313276 0.0 0.1365807 0.0 0.0 0.16248806 2.3877746E-4 7.163324E-4 0.029250238 0.0 0.0 0.0 0.024952244 0.0 0.0 0.0 0.0 0.0 0.0 
0.0 0.0 0.0 0.0 0.0 0.0 0.0 0.0 0.0 0.0 0.0 0.0 0.0 0.0 0.0 0.0 0.0 0.0 0.0 0.0 0.0 0.0 0.0 0.0 0.0 0.0 0.0 0.0 0.0 0.0 0.0 0.0 0.07603615 0.0 0.0012464942 0.009816142 0.0 0.0 0.020878779 0.0045185415 0.0 1.5581178E-4 0.0 0.0 0.0065440945 0.0012464942 0.004674353 1.5581178E-4 0.0 0.0 0.0 0.0 0.0 0.0 0.0 0.0 0.0 0.0 0.0032720473 1.5581178E-4 0.0 0.0 0.0010906825 3.1162356E-4 0.0 0.029292615 0.0017139296 0.019476473 0.047834218 0.036615767 0.0024929885 0.047522593 9.348707E-4 0.019788096 1.5581178E-4 0.0035836708 0.0010906825 0.0018697414 0.0059208474 0.022281084 0.0017139296 0.002025553 7.790589E-4 0.030227486 0.046743535 0.0031162356 0.0018697414 9.348707E-4 0.0 0.00436273 0.0 0.0 0.0 1.5581178E-4 0.0 0.0031162356 0.0 0.08180118 0.0 0.0 1.5581178E-4 0.1798068 0.0 1.5581178E-4 0.0 0.030539108 1.5581178E-4 1.5581178E-4 0.0 0.0 0.0 0.2327828 0.0 0.0 0.0 0.0 0.0 0.005609224 0.0 0.0 0.0 3.1162356E-4 0.0 0.0 0.0 0.001402306 0.0 0.0 
0.0 0.0 0.0 0.0 0.0 0.0 0.0 0.0 0.0 0.0 0.0 0.0 0.0 0.0 0.0 0.0 0.0 0.0 0.0 0.0 0.0 0.0 0.0 0.0 0.0 0.0 0.0 0.0 0.0 0.0 0.0 0.0 0.043391187 1.668892E-4 0.0 0.001835781 0.0 0.0 0.009679573 0.0101802405 0.0 0.0 0.0 0.0 0.003671562 0.0015020027 0.0011682243 0.0 0.0 0.0 0.0 0.0 0.0 0.0 0.0 0.0 0.0 0.0 0.0 0.0 0.0 0.0 1.668892E-4 0.0 0.0 0.0075100134 0.0070093456 0.018858477 0.022029372 0.0045060082 0.048731644 0.006508678 0.0056742323 0.0033377837 1.668892E-4 0.0028371161 0.022696929 0.023698265 0.105473965 0.011515354 0.015687583 0.0 0.0709279 0.0136849135 0.018691588 0.031208279 0.011014686 0.015854472 0.0011682243 0.0011682243 1.668892E-4 0.0 0.0 0.0 0.0 1.668892E-4 0.0 0.0031708945 0.0078437915 0.020026702 0.0040053404 0.0068424568 0.0447263 3.337784E-4 0.024365822 0.0020026702 0.0 0.0058411215 0.025534045 0.0011682243 0.1618825 1.668892E-4 0.012683578 0.0 0.056241654 0.0061748996 0.02236315 0.03254339 0.008344459 0.0050066756 0.0035046728 1.668892E-4 0.0013351135 0.0 0.0 1.668892E-4 0.0 0.0 
0.0 0.0 0.0 0.0 0.0 0.0 0.0 0.0 0.0 0.0 0.0 0.0 0.0 0.0 0.0 0.0 0.0 0.0 0.0 0.0 0.0 0.0 0.0 0.0 0.0 0.0 0.0 0.0 0.0 0.0 0.0 0.0 0.010267632 1.6832183E-4 8.4160914E-4 0.0015148965 0.0 0.0 0.012960781 3.3664366E-4 0.0 0.0028614711 0.0 0.0 0.0 0.0023565057 8.4160914E-4 0.0 0.0 0.0 0.0 0.0 0.0 0.0 0.0 0.0 0.0 0.0 0.0 0.0 0.0 0.0 0.0045446893 1.6832183E-4 0.0 0.014139034 0.0016832183 0.0 0.0 0.026258206 1.6832183E-4 0.0 0.007742804 0.008247769 0.0 1.6832183E-4 0.016495539 0.0023565057 0.0 0.018852046 0.0050496547 1.6832183E-4 0.036189195 0.0037030804 0.006732873 0.008416092 1.6832183E-4 1.6832183E-4 0.0 0.001009931 0.0 0.0 0.0 0.0 0.0 8.4160914E-4 0.0 0.19626325 0.0 0.0 0.0 0.11193402 0.0015148965 0.0 0.047466755 0.049318295 0.0 0.0 0.047298435 0.0 0.0 0.10974584 8.4160914E-4 0.0 0.19239186 0.0026931493 0.0047130114 0.037535768 0.0 0.0 0.0 0.0015148965 0.0 0.0 0.0 0.0 0.0 0.0 
0.0 0.0 0.0 0.0 0.0 0.0 0.0 0.0 0.0 0.0 0.0 0.0 0.0 0.0 0.0 0.0 0.0 0.0 0.0 0.0 0.0 0.0 0.0 0.0 0.0 0.0 0.0 0.0 0.0 0.0 0.0 0.0 0.0034482758 0.0 0.0 0.0 0.0 0.0 0.024137931 0.0 0.0 0.0 0.0 0.0 0.0 0.0 0.0 0.0 0.0 0.0 0.0 0.0034482758 0.0 0.0 0.0 0.0 0.0 0.0 0.0 0.0 0.0 0.0 0.13448276 0.0 0.0 0.0 0.0 0.0 0.0 0.0034482758 0.0 0.0 0.0 0.0 0.0 0.0 0.0 0.0 0.0 0.0 0.0 0.0 0.0 0.0 0.0 0.22413793 0.0 0.0 0.0034482758 0.0 0.0 0.0 0.0 0.0 0.0 0.0 0.0 0.0 0.0 0.0 0.0 0.0 0.0 0.0 0.0 0.0 0.0 0.0 0.0 0.0 0.0 0.0 0.0 0.0 0.0 0.0 0.0 0.6 0.0 0.0 0.0 0.0 0.0 0.0 0.0 0.0 0.0 0.0 
0.0 0.0 0.0 0.0 0.0 0.0 0.0 0.0 0.0 0.0 0.0 0.0 0.0 0.0 0.0 0.0 0.0 0.0 0.0 0.0 0.0 0.0 0.0 0.0 0.0 0.0 0.0 0.0 0.0 0.0 0.0 0.0 0.0500646 0.0 1.6149871E-4 0.009043927 0.0 0.0 0.019541344 0.0012919897 0.0 3.2299742E-4 0.0 3.2299742E-4 0.0029069767 0.0037144702 0.0025839794 1.6149871E-4 0.0 0.0 0.0 0.0 0.0 0.0 0.0 0.0 0.0 0.0 0.00629845 1.6149871E-4 0.0 0.0 0.0033914729 0.0 0.0 0.04360465 0.0020994833 0.011627907 0.007913437 0.08833979 9.6899224E-4 0.006459948 0.0029069767 0.037144702 0.0 0.009043927 0.003229974 0.010174419 0.015988372 0.046673127 0.0029069767 0.0 0.0046834624 0.022286821 0.021156332 0.009205426 0.0035529716 1.6149871E-4 0.0 0.015826873 0.0 0.0 0.0 0.0 0.0 0.0019379845 0.0 0.06427649 0.0 0.0 1.6149871E-4 0.16941215 0.0 0.0 0.020510336 0.065729976 0.0 0.0 0.0 0.0 0.0 0.14034238 0.0 0.0 0.0 0.0 1.6149871E-4 0.06346899 0.0 0.0 0.0 0.005167959 0.0 0.0 0.0 0.0014534884 0.0 0.0 
0.0 0.0 0.0 0.0 0.0 0.0 0.0 0.0 0.0 0.0 0.0 0.0 0.0 0.0 0.0 0.0 0.0 0.0 0.0 0.0 0.0 0.0 0.0 0.0 0.0 0.0 0.0 0.0 0.0 0.0 0.0 0.0 0.04759274 0.0 0.0 0.018232044 0.0 0.0 0.026361484 7.103394E-4 0.0 5.5248616E-4 0.0 7.89266E-5 0.0040252567 9.471192E-4 0.007813733 0.0 0.0 0.0 0.0 0.0 0.0 0.0 0.0 0.0 0.0 0.0 0.004656669 7.89266E-5 0.0 0.0 4.735596E-4 1.578532E-4 0.0 0.009392265 0.0022888714 0.004893449 5.5248616E-4 0.01949487 0.0 1.578532E-4 0.009786898 0.016890291 0.0 0.0010260458 0.001973165 0.0025256511 7.8926596E-4 0.008129439 0.0058405683 4.735596E-4 0.0011049723 0.013022888 0.03346488 0.007103394 7.89266E-5 0.0020520915 1.578532E-4 0.0018153117 0.0 0.0 0.0 7.89266E-5 0.0 0.0062352014 0.0 0.0605367 7.89266E-5 0.034885556 0.0 0.08571429 7.89266E-5 0.0 0.114759274 0.045540646 0.0 0.007261247 0.007498027 0.009392265 0.0033149172 0.11617995 0.03014996 0.004104183 1.578532E-4 0.0 0.14727703 0.05217048 7.89266E-5 0.009471192 0.0 0.0069455407 0.0014206788 0.0 0.0 8.681926E-4 0.0 0.0 
0.0 0.0 0.0 0.0 0.0 0.0 0.0 0.0 0.0 0.0 0.0 0.0 0.0 0.0 0.0 0.0 0.0 0.0 0.0 0.0 0.0 0.0 0.0 0.0 0.0 0.0 0.0 0.0 0.0 0.0 0.0 0.0 0.020626474 0.0 5.4857643E-5 0.0032914586 0.0 0.0 0.002304021 6.034341E-4 0.0 5.4857643E-5 0.0 0.0 9.3258E-4 4.937188E-4 0.0013165835 5.4857643E-5 0.0 0.0 0.0 0.0 0.0 0.0 0.0 0.0 0.0 0.0 4.937188E-4 0.0 0.0 0.0 0.0020845905 1.09715285E-4 0.0 0.012288112 5.4857643E-5 0.0013714411 5.4857643E-5 0.022381919 3.2914587E-4 5.4857643E-5 0.03538318 0.028690549 0.0 0.0 9.3258E-4 0.0011520105 4.937188E-4 0.018596742 1.09715285E-4 0.0 0.009051511 0.008118931 0.004004608 0.0057600527 0.0033463163 8.2286465E-4 0.0 0.0043886118 5.4857643E-5 0.0 0.0 0.0 0.0 9.3258E-4 0.0 0.017170442 0.0 0.0 0.0 0.021997916 0.0 0.0 0.66652036 0.0140435565 5.4857643E-5 0.0 0.0 0.0 0.0 0.043940973 0.0 0.0 0.024137363 0.0010971529 0.0 0.010532668 0.0 0.008228647 0.0 7.68007E-4 0.0 0.0 0.0 3.2914587E-4 0.0 0.0 
0.0 0.0 0.0 0.0 0.0 0.0 0.0 0.0 0.0 0.0 0.0 0.0 0.0 0.0 0.0 0.0 0.0 0.0 0.0 0.0 0.0 0.0 0.0 0.0 0.0 0.0 0.0 0.0 0.0 0.0 0.0 0.0 0.014503533 0.0 3.7188546E-4 3.7188546E-4 0.0 0.0 0.116028264 0.0022313127 0.0 0.0 0.0 0.0 0.0022313127 3.7188546E-4 0.0022313127 0.0 0.0 0.0 0.0 0.0 0.0 0.0 0.0 0.0 0.0 0.0 0.0 0.0 0.0 0.0 3.7188546E-4 0.0 0.0 0.008925251 0.01636296 0.021569356 0.01227222 0.0204537 0.0026031982 0.018222388 0.0 0.01710673 3.7188546E-4 7.437709E-4 0.029750837 0.014131648 0.043510597 3.7188546E-4 0.01227222 0.0 0.08367423 0.060989216 0.03904797 3.7188546E-4 0.0 0.0 0.0018594273 3.7188546E-4 3.7188546E-4 0.0 0.0 0.0 3.7188546E-4 0.0 0.0 0.0 0.0 0.0 0.0026031982 0.0 0.0 3.7188546E-4 0.004834511 0.0 0.0 0.0 0.009669022 0.0 0.36407587 0.0 0.024916327 0.0 0.0074377093 0.01970993 0.015991075 0.0 0.0 0.0 3.7188546E-4 0.0 0.0 0.0 0.0 0.0 0.0 0.0 
0.0 0.0 0.0 0.0 0.0 0.0 0.0 0.0 0.0 0.0 0.0 0.0 0.0 0.0 0.0 0.0 0.0 0.0 0.0 0.0 0.0 0.0 0.0 0.0 0.0 0.0 0.0 0.0 0.0 0.0 0.0 0.0 0.04974016 0.0 7.423905E-4 7.423905E-4 0.0 0.0 0.010393467 0.0 0.0 0.0 0.0 0.0 0.0 0.005939124 7.423905E-4 0.0 0.0 0.0 0.0 0.0 0.0 0.0 0.0 0.0 7.423905E-4 0.0 0.0 0.0 0.0 0.0 0.011135858 0.0 0.0 0.037119526 0.0 7.423905E-4 0.0 0.13066073 0.0 0.0 0.0 0.06013363 0.0 0.0 0.0 0.0 0.0 0.013363029 7.423905E-4 0.0 0.0 7.423905E-4 0.001484781 7.423905E-4 0.0 0.0 0.0 7.423905E-4 0.0 0.0 0.0 0.0 0.0 0.0 0.0 0.10541945 0.0 0.0 0.0 0.14996289 0.0 0.0 0.0 0.34149963 0.0 0.0 7.423905E-4 0.0 0.0 0.06458797 0.0 0.0 7.423905E-4 7.423905E-4 0.0 0.0 0.0 0.0 0.0 0.0 0.0 0.0 0.0 7.423905E-4 0.0 0.0 
0.0 0.0 0.0 0.0 0.0 0.0 0.0 0.0 0.0 0.0 0.0 0.0 0.0 0.0 0.0 0.0 0.0 0.0 0.0 0.0 0.0 0.0 0.0 0.0 0.0 0.0 0.0 0.0 0.0 0.0 0.0 0.0 0.017913261 0.0 1.5713388E-4 9.428033E-4 0.0 0.0 0.014770584 1.5713388E-4 0.0 0.0 0.0 0.0 0.0018856066 0.001414205 1.5713388E-4 0.0 0.0 0.0 0.0 0.0 0.0 0.0 0.0 0.0 0.0 0.0 0.0 0.0 0.0 0.0 0.0 0.0 0.0 0.01052797 0.0 3.1426776E-4 0.0 0.013827781 0.0 0.0 0.01257071 0.009428033 0.0 0.0 1.5713388E-4 0.0 0.0015713387 0.009585166 1.5713388E-4 1.5713388E-4 0.001257071 0.0029855436 0.002671276 0.0 0.0 1.5713388E-4 0.0 0.0 0.0 0.0 0.0 0.0 0.0 0.0 0.0 0.14660591 0.0 0.0 0.0 0.23711503 0.0 0.0 0.29006913 0.1475487 0.0 0.0 0.0 0.0 0.0 0.057353865 0.0 0.0 0.01257071 0.0 0.0 1.5713388E-4 0.0 0.0 0.0 0.003928347 0.0 0.0 0.0 1.5713388E-4 0.0 0.0 
0.0 0.0 0.0 0.0 0.0 0.0 0.0 0.0 0.0 0.0 0.0 0.0 0.0 0.0 0.0 0.0 0.0 0.0 0.0 0.0 0.0 0.0 0.0 0.0 0.0 0.0 0.0 0.0 0.0 0.0 0.0 0.0 0.09090909 0.0 0.0056818184 0.03409091 0.0 0.0 0.0056818184 0.0056818184 0.0 0.0 0.0 0.0 0.0 0.11931818 0.0056818184 0.0 0.0 0.0 0.0 0.0 0.0 0.0 0.0 0.0 0.0 0.0 0.0 0.0 0.0 0.0 0.056818184 0.0 0.0 0.10227273 0.0 0.0 0.0 0.039772727 0.011363637 0.011363637 0.0056818184 0.10795455 0.0 0.0 0.0 0.0 0.0 0.0056818184 0.14204545 0.0 0.0 0.0 0.09659091 0.0056818184 0.0 0.0056818184 0.0 0.0056818184 0.0 0.0 0.0 0.0 0.0 0.0 0.0 0.0056818184 0.0 0.0 0.0 0.0056818184 0.0 0.0 0.0 0.0056818184 0.0 0.0 0.0 0.0 0.0 0.0 0.0 0.0 0.0 0.0 0.0 0.0 0.0 0.0 0.0 0.03409091 0.0 0.0 0.0 0.0 0.0 0.0 
0.0 0.0 0.0 0.0 0.0 0.0 0.0 0.0 0.0 0.0 0.0 0.0 0.0 0.0 0.0 0.0 0.0 0.0 0.0 0.0 0.0 0.0 0.0 0.0 0.0 0.0 0.0 0.0 0.0 0.0 0.0 0.0 0.10324349 0.0 4.568296E-4 0.02421197 0.0 0.0 0.01142074 0.0059387847 0.0 0.0 0.0 0.0 0.009136592 0.009136592 0.007309274 0.0 0.0 0.0 0.0 0.0 0.0 0.0 0.0 0.0 0.0 0.0 0.0068524443 0.0 0.0 0.0 4.568296E-4 4.568296E-4 0.0 0.002284148 0.013248058 4.568296E-4 4.568296E-4 0.009593422 0.0 4.568296E-4 4.568296E-4 0.004568296 4.568296E-4 4.568296E-4 0.003654637 0.0086797625 9.136592E-4 0.021014161 0.0050251256 0.0 0.0041114665 0.022384651 4.568296E-4 0.0 0.0 4.568296E-4 0.0 0.0 4.568296E-4 0.0 0.0 0.0 0.0 0.010507081 0.0 0.05847419 0.0 0.0 0.0 0.13248059 0.0 0.0 0.0 0.0068524443 0.0 0.0 0.0 0.0 0.0 0.49291915 0.0 4.568296E-4 0.0 0.0 0.0 0.012334399 4.568296E-4 0.0 0.0 0.0 0.0 0.0 0.0 0.0027409776 0.0 0.0 
0.0 0.0 0.0 0.0 0.0 0.0 0.0 0.0 0.0 0.0 0.0 0.0 0.0 0.0 0.0 0.0 0.0 0.0 0.0 0.0 0.0 0.0 0.0 0.0 0.0 0.0 0.0 0.0 0.0 0.0 0.0 0.0 0.036585364 0.0 0.0060975607 0.0 0.0 0.0 0.0 0.0060975607 0.0 0.0 0.0 0.0 0.0060975607 0.0 0.0 0.0 0.0 0.0 0.0 0.0 0.0 0.0 0.0 0.0 0.0 0.0 0.0 0.0060975607 0.0 0.0 0.0 0.0 0.0 0.07317073 0.0060975607 0.0 0.0 0.085365854 0.0 0.0 0.0 0.07317073 0.0 0.0 0.0060975607 0.0060975607 0.0 0.0060975607 0.0 0.0 0.0 0.0 0.0 0.0060975607 0.0 0.0 0.0 0.0 0.0121951215 0.0 0.0 0.0 0.0 0.0 0.0 0.06097561 0.0 0.0 0.0 0.3109756 0.0 0.0 0.0121951215 0.13414635 0.0 0.0 0.0 0.0 0.0 0.05487805 0.0 0.0 0.0 0.0 0.0 0.036585364 0.0 0.0121951215 0.0 0.0 0.0 0.0 0.0 0.0 0.0 0.0 
0.0 0.0 0.0 0.0 0.0 0.0 0.0 0.0 0.0 0.0 0.0 0.0 0.0 0.0 0.0 0.0 0.0 0.0 0.0 0.0 0.0 0.0 0.0 0.0 0.0 0.0 0.0 0.0 0.0 0.0 0.0 0.0 0.0 0.0 0.008928572 0.0 0.0 0.0 0.0 0.0 0.0 0.0 0.0 0.0 0.0 0.0 0.0 0.0 0.017857144 0.017857144 0.0 0.0 0.0 0.0 0.0 0.0 0.0 0.0 0.0 0.0 0.0 0.0 0.0 0.0 0.0 0.008928572 0.0 0.008928572 0.04464286 0.008928572 0.008928572 0.0 0.0 0.0 0.05357143 0.0 0.0 0.008928572 0.04464286 0.0 0.008928572 0.0 0.008928572 0.008928572 0.0 0.0 0.0 0.008928572 0.0 0.008928572 0.0 0.0 0.0 0.0 0.0 0.0 0.0 0.05357143 0.04464286 0.008928572 0.0 0.0 0.0 0.0 0.008928572 0.017857144 0.0 0.0 0.008928572 0.017857144 0.017857144 0.05357143 0.008928572 0.0 0.017857144 0.04464286 0.08928572 0.0 0.0 0.0 0.0 0.0 0.0 0.0 0.0 0.0 0.017857144 0.0 
0.0 0.0 0.0 0.0 0.0 0.0 0.0 0.0 0.0 0.0 0.0 0.0 0.0 0.0 0.0 0.0 0.0 0.0 0.0 0.0 0.0 0.0 0.0 0.0 0.0 0.0 0.0 0.0 0.0 0.0 0.0 0.0 0.0 0.0 0.0 0.0 0.0 0.0 0.0 0.0 0.0 0.0 0.0 0.0 0.0 0.0 0.0 0.0 0.0 0.0 0.0 0.0 0.0 0.0 0.0 0.0 0.0 0.0 0.0 0.0 0.0 0.0 0.0 0.0 0.0 0.0 0.0 0.0 0.0 0.0 0.0 0.023255814 0.0 0.0 0.0 0.0 0.0 0.0 0.0 0.0 0.0 0.0 0.0 0.0 0.0 0.0 0.0 0.0 0.0 0.0 0.0 0.0 0.0 0.0 0.0 0.0 0.0 0.0 0.0 0.0 0.0 0.0 0.0 0.9302326 0.0 0.0 0.0 0.0 0.0 0.0 0.0 0.0 0.0 0.023255814 0.0 0.0 0.0 0.0 0.0 0.0 0.0 0.0 0.0 0.0 0.0 0.0 0.0 0.0 
0.0 0.0 0.0 0.0 0.0 0.0 0.0 0.0 0.0 0.0 0.0 0.0 0.0 0.0 0.0 0.0 0.0 0.0 0.0 0.0 0.0 0.0 0.0 0.0 0.0 0.0 0.0 0.0 0.0 0.0 0.0 0.0 0.7567568 0.0 0.009009009 0.009009009 0.0 0.0 0.0 0.0 0.0 0.0 0.0 0.0 0.12612613 0.0 0.08108108 0.0 0.0 0.0 0.0 0.0 0.0 0.0 0.0 0.0 0.0 0.0 0.0 0.0 0.0 0.0 0.0 0.0 0.0 0.0 0.0 0.0 0.0 0.0 0.0 0.0 0.0 0.0 0.0 0.0 0.0 0.0 0.0 0.0 0.0 0.0 0.0 0.0 0.0 0.0 0.0 0.0 0.0 0.0 0.0 0.0 0.0 0.0 0.0 0.0 0.0 0.0 0.0 0.0 0.0 0.0 0.0 0.0 0.0 0.0 0.0 0.0 0.0 0.0 0.0 0.009009009 0.0 0.0 0.0 0.0 0.009009009 0.0 0.0 0.0 0.0 0.0 0.0 0.0 0.0 0.0 0.0 0.0 
0.0 0.0 0.0 0.0 0.0 0.0 0.0 0.0 0.0 0.0 0.0 0.0 0.0 0.0 0.0 0.0 0.0 0.0 0.0 0.0 0.0 0.0 0.0 0.0 0.0 0.0 0.0 0.0 0.0 0.0 0.0 0.0 0.0 0.0 0.0 0.0 0.0 0.0 0.0 0.0 0.0 0.0 0.0 0.0 0.0 0.0 0.0 0.0 0.0 0.0 0.0 0.0 0.0 0.0 0.0 0.0 0.0 0.0 0.0 0.0 0.0 0.0 0.0 0.0 0.0 0.0 0.0 0.0 0.0 0.0 0.0 0.0 0.0 0.0 0.0 0.0 0.0 0.0 0.0 0.0 0.0 0.0 0.0 0.0 0.0 0.0 0.0 0.0 0.0 0.0 0.0 0.0 0.0 0.0 0.0 0.0 0.0 0.0 0.011764706 0.011764706 0.011764706 0.0 0.09411765 0.05882353 0.0 0.0 0.0 0.0 0.05882353 0.011764706 0.07058824 0.0 0.05882353 0.0 0.09411765 0.07058824 0.07058824 0.023529412 0.16470589 0.0 0.0 0.0 0.0 0.0 0.0 0.0 0.0 0.0 
0.0 0.0 0.0 0.0 0.0 0.0 0.0 0.0 0.0 0.0 0.0 0.0 0.0 0.0 0.0 0.0 0.0 0.0 0.0 0.0 0.0 0.0 0.0 0.0 0.0 0.0 0.0 0.0 0.0 0.0 0.0 0.0 0.44270593 0.0 4.601933E-4 0.0 0.0 0.0 0.0 0.0 0.060745515 0.0 0.0 0.0 0.0 0.056603774 0.0 0.0 0.0 0.02945237 0.024390243 0.020248504 0.016106766 0.009664059 0.006442706 0.005062126 0.0023009663 0.0023009663 0.0 0.0 0.0 0.0 0.0 0.0 0.019788312 0.025770824 0.009664059 0.02531063 0.010584446 0.011504832 0.010584446 0.0041417396 0.011044639 0.012425219 9.203866E-4 0.0 0.006442706 0.013345605 0.006442706 0.0059825126 0.023469858 4.601933E-4 0.009664059 0.034514494 0.048780486 0.0036815463 0.0023009663 0.021629084 0.0 4.601933E-4 0.0 0.0 0.0 0.0 0.0 0.0 0.0 0.0 0.0 0.0 0.0 0.0 0.0 0.0 4.601933E-4 0.0 0.0 0.0 0.0 0.0 0.0 0.0 0.0 0.0 0.0 0.0 0.0 0.0 0.0 0.0 0.0 0.0 0.0 0.0 0.0 0.0 4.601933E-4 0.0 
0.0 0.0 0.0 0.0 0.0 0.0 0.0 0.0 0.0 0.0 0.0 0.0 0.0 0.0 0.0 0.0 0.0 0.0 0.0 0.0 0.0 0.0 0.0 0.0 0.0 0.0 0.0 0.0 0.0 0.0 0.0 0.0 0.4074074 0.0 0.0 0.0 0.0 0.0 0.0 0.0 0.0 0.0 0.0 0.0 0.0 0.012345679 0.074074075 0.0 0.0 0.0 0.0 0.0 0.0 0.0 0.0 0.0 0.0 0.0 0.0 0.0 0.0 0.0 0.0 0.0 0.0 0.0 0.0 0.086419754 0.0 0.0 0.11111111 0.0 0.0 0.0 0.0 0.012345679 0.0 0.0 0.0 0.0 0.0 0.0 0.0 0.0 0.0 0.0 0.0 0.0 0.0 0.0 0.0 0.0 0.0 0.0 0.0 0.0 0.0 0.0 0.0 0.0 0.0 0.0 0.0 0.0 0.0 0.0 0.0 0.0 0.0 0.0 0.0 0.0 0.0 0.0 0.0 0.0 0.0 0.0 0.0 0.0 0.0 0.0 0.0 0.0 0.0 0.0 0.28395063 0.0 
0.0 0.0 0.0 0.0 0.0 0.0 0.0 0.0 0.0 0.0 0.0 0.0 0.0 0.0 0.0 0.0 0.0 0.0 0.0 0.0 0.0 0.0 0.0 0.0 0.0 0.0 0.0 0.0 0.0 0.0 0.0 0.0 0.06877223 3.252667E-5 3.4695116E-4 0.0 0.0 0.0 2.1413392E-4 5.2584783E-4 2.710556E-6 1.5179113E-4 0.0 0.0 0.0020898387 4.2013617E-4 0.0014121997 0.0 0.0 0.0 0.0 0.0 0.0 0.0 0.0 0.0 0.0 0.0 3.5237226E-5 9.21589E-5 2.710556E-6 0.0 2.6563447E-4 3.5237226E-5 0.0 0.0 0.0 0.0 0.0 0.0 0.0 1.6263335E-5 0.0 0.0 0.0 0.0 0.0 0.0 0.0 0.0 0.0 0.0 0.0 2.710556E-6 0.0 0.0 0.0 0.0 0.0 0.0 0.0 0.0 0.0 0.0 5.1500563E-5 0.0 0.0 1.2468558E-4 0.02130497 0.043404132 0.043059893 8.1587734E-4 0.006090619 0.020066246 0.0011763813 0.03538089 9.812213E-4 0.011682496 0.09746346 0.025614753 0.19206999 5.095845E-4 0.017540008 1.5450169E-4 0.10540539 0.09209114 0.14190574 0.010693143 0.02111252 0.006849575 0.0021196548 0.026197523 0.0016832553 0.0 2.710556E-6 2.1684447E-5 0.0 0.0 
0.0 0.0 0.0 0.0 0.0 0.0 0.0 0.0 0.0 0.0 0.0 0.0 0.0 0.0 0.0 0.0 0.0 0.0 0.0 0.0 0.0 0.0 0.0 0.0 0.0 0.0 0.0 0.0 0.0 0.0 0.0 0.0 0.009818502 1.51754275E-5 4.7043827E-4 0.0 0.0 0.0 4.7043827E-4 2.5798226E-4 1.51754275E-5 5.6149083E-4 0.0 0.0 0.0014113148 6.0701714E-4 0.0013354376 1.51754275E-5 0.0 0.0 0.0 0.0 0.0 0.0 0.0 0.0 0.0 0.0 1.51754275E-5 1.51754275E-5 0.0 0.0 1.8210514E-4 1.51754275E-5 0.0 0.0 0.0 1.51754275E-5 0.0 0.0 0.0 0.0 0.0 0.0 0.0 0.0 0.0 0.0 0.0 0.0 0.0 0.0 0.0 0.0 0.0 0.0 0.0 0.0 0.0 0.0 0.0 0.0 0.0 0.0 0.0 0.0 0.0 0.08270608 0.00852859 2.8833313E-4 6.0701714E-4 0.32334283 7.587714E-5 1.3657885E-4 1.5175428E-4 0.051808912 0.009454291 1.51754275E-5 0.13019 0.001912104 2.2763142E-4 0.11311764 1.06228E-4 0.0 0.050898384 0.021048319 0.007481486 0.095605195 0.0032475416 1.3657885E-4 0.0 0.08361661 0.0 0.0 0.0 0.0 1.51754275E-5 0.0 
0.0 0.0 0.0 0.0 0.0 0.0 0.0 0.0 0.0 0.0 0.0 0.0 0.0 0.0 0.0 0.0 0.0 0.0 0.0 0.0 0.0 0.0 0.0 0.0 0.0 0.0 0.0 0.0 0.0 0.0 0.0 0.0 0.030527504 1.4468012E-5 4.2680633E-4 0.0 0.0 0.0 7.740386E-4 1.7361614E-4 0.0 3.2553024E-4 0.0 0.0 0.0018591394 4.7744438E-4 0.0014323331 1.4468012E-5 0.0 0.0 0.0 0.0 0.0 0.0 0.0 0.0 0.0 0.0 1.4468012E-5 7.957406E-5 0.0 0.0 1.5914813E-4 3.617003E-5 0.0 6.510605E-5 7.957406E-5 3.834023E-4 5.063804E-5 3.617003E-5 1.0851008E-4 5.7872046E-5 7.234006E-6 4.3404034E-5 0.0 1.5191412E-4 7.234006E-5 0.0 8.680807E-5 0.0 4.3404034E-5 7.234006E-6 1.4468012E-5 7.234006E-6 0.0 0.0 0.0 7.234006E-6 0.0 0.0 0.0 0.0 0.0 7.234006E-6 0.0 0.0 0.0 0.12731126 4.3404034E-5 0.017159062 1.0127608E-4 0.16157152 7.234006E-6 0.0 0.14555542 0.061923087 0.0 0.04529211 0.036828324 2.3148819E-4 2.531902E-4 0.18114674 1.4468012E-5 0.0010416968 0.03655343 0.004940826 0.10200671 0.03205388 0.0 7.234006E-6 0.0 0.008290171 3.617003E-5 0.0 0.0 0.0 0.0 0.0 
0.0 0.0 0.0 0.0 0.0 0.0 0.0 0.0 0.0 0.0 0.0 0.0 0.0 0.0 0.0 0.0 0.0 0.0 0.0 0.0 0.0 0.0 0.0 0.0 0.0 0.0 0.0 0.0 0.0 0.0 0.0 0.0 0.51091075 1.36521E-4 0.0031945915 0.0 0.0 0.0 1.5836438E-4 0.0019003724 0.0 4.4232808E-4 0.0 0.0 0.028352683 0.004314064 0.025190856 9.2834285E-5 0.0 0.0 0.0 0.0 0.0 0.0 0.0 0.0 0.0 0.0 0.0011686198 0.0012232282 0.0 0.0 8.5189106E-4 4.5324976E-4 0.0 0.0 0.0 0.0 0.0 0.0 0.0 0.0 0.0 0.0 0.0 0.0 0.0 0.0 0.0 0.0 0.0 0.0 0.0 0.0 0.0 0.0 0.0 0.0 0.0 0.0 0.0 0.0 0.0 4.9147562E-5 0.0 0.0 0.0 0.029040748 5.8977073E-4 4.0410217E-4 0.010069789 0.14357096 4.0410217E-4 0.006143445 8.628128E-4 0.08758642 0.001092168 8.7373446E-5 0.008649971 0.003385721 0.0057994123 0.03964024 1.3106017E-4 3.7133714E-4 0.01839211 0.02442634 4.2594553E-4 0.023028364 0.003287426 0.0015836437 0.0 0.0125217065 1.0921681E-5 0.0 0.0 4.9147562E-5 0.0 0.0 
0.0 0.0 0.0 0.0 0.0 0.0 0.0 0.0 0.0 0.0 0.0 0.0 0.0 0.0 0.0 0.0 0.0 0.0 0.0 0.0 0.0 0.0 0.0 0.0 0.0 0.0 0.0 0.0 0.0 0.0 0.0 0.0 0.31277582 1.1614084E-4 0.0025926735 0.0 0.0 0.0 1.6054764E-4 0.0023023214 0.0 3.125555E-4 0.0 0.0 0.013930069 0.0029171847 0.011600421 1.7079536E-6 0.0 0.0 0.0 0.0 0.0 0.0 0.0 0.0 0.0 0.0 4.082009E-4 6.9855305E-4 0.0 0.0 6.336508E-4 4.0990885E-4 0.0 0.0 0.0 1.7079536E-6 0.0 0.0 1.7079536E-6 1.7079536E-6 1.7079536E-6 0.0 0.0 1.0247722E-5 0.0 1.7079536E-6 0.0 0.0 8.539768E-6 0.0 0.0 0.0 0.0 0.0 0.0 1.7079536E-6 0.0 0.0 0.0 1.7079536E-6 0.0 1.878749E-5 3.4159073E-6 0.0 0.0 0.045351293 0.0014227254 0.026695315 0.07911924 0.026411794 0.009388621 0.0069855303 0.0015252025 0.010456092 2.493612E-4 0.0015149548 0.03367743 0.022348573 0.08784518 0.004046142 0.010398022 0.0027703007 0.12895562 0.07656756 0.027257232 9.94029E-4 0.015926667 0.008368973 0.011549182 0.0108728325 3.2621913E-4 0.0 1.7079536E-6 4.78227E-5 0.0 0.0 
0.0 0.0 0.0 0.0 0.0 0.0 0.0 0.0 0.0 0.0 0.0 0.0 0.0 0.0 0.0 0.0 0.0 0.0 0.0 0.0 0.0 0.0 0.0 0.0 0.0 0.0 0.0 0.0 0.0 0.0 0.0 0.0 0.3913475 9.454208E-6 7.4688246E-4 0.0 0.0 0.0 3.308973E-4 3.308973E-4 8.508788E-5 3.4035151E-4 0.0 0.0 0.0050958185 0.0041503976 0.0053605363 0.0 0.0 0.0 0.0 0.0 0.0 0.0 0.0 0.0 0.0 0.0 1.229047E-4 3.308973E-4 0.0 0.0 4.632562E-4 1.3235892E-4 0.0 0.0 0.0 0.0 0.0 0.0 0.0 0.0 0.0 0.0 0.0 0.0 0.0 0.0 0.0 0.0 0.0 0.0 0.0 0.0 0.0 0.0 0.0 0.0 0.0 0.0 0.0 0.0 0.0 9.454208E-6 0.0 0.0 0.0 0.05640381 1.229047E-4 1.8908417E-5 0.0 0.07658854 0.050107304 5.672525E-5 0.0 0.09180982 9.454208E-6 4.727104E-5 0.021328695 7.563367E-5 1.3235892E-4 0.16276366 9.454208E-6 0.0 0.06530022 0.0012290471 0.029799664 0.032333393 0.0 1.7962996E-4 0.0 0.0026944494 0.0 0.0 0.0 9.454208E-6 0.0 0.0 
0.0 0.0 0.0 0.0 0.0 0.0 0.0 0.0 0.0 0.0 0.0 0.0 0.0 0.0 0.0 0.0 0.0 0.0 0.0 0.0 0.0 0.0 0.0 0.0 0.0 0.0 0.0 0.0 0.0 0.0 0.0 0.0 0.30581662 2.2619573E-4 0.0033250772 0.0 0.0 0.0 0.0014476527 0.0010291906 0.0 4.2977187E-4 0.0 0.0 0.02013142 0.00422986 0.0169873 2.2619573E-4 0.0 0.0 0.0 0.0 0.0 0.0 0.0 0.0 0.0 0.0 5.202502E-4 8.8216335E-4 0.0 0.0 5.881089E-4 5.3156E-4 0.0 0.0 0.0 0.0 0.0 0.0 0.0 0.0 0.0 0.0 0.0 0.0 0.0 0.0 0.0 0.0 0.0 0.0 0.0 0.0 0.0 0.0 0.0 0.0 0.0 0.0 0.0 0.0 0.0 0.0 0.0 0.0 0.0 0.060405567 3.5060337E-4 0.0 4.184621E-4 0.14557958 6.672774E-4 0.012927086 0.114036575 0.05981746 0.0 0.0 0.024938079 0.0028726857 0.024926769 0.053721484 1.1309786E-4 0.0 0.07680476 0.021873128 0.0072948122 0.030050103 1.1309787E-5 2.2619573E-4 0.0 0.0063674096 0.0 0.0 0.0 9.0478294E-5 0.0 0.0 
0.0 0.0 0.0 0.0 0.0 0.0 0.0 0.0 0.0 0.0 0.0 0.0 0.0 0.0 0.0 0.0 0.0 0.0 0.0 0.0 0.0 0.0 0.0 0.0 0.0 0.0 0.0 0.0 0.0 0.0 0.0 0.0 0.09619064 5.2249125E-5 0.0013343622 0.0 0.0 0.0 8.0383266E-5 5.385679E-4 0.0 1.1655574E-4 0.0 0.0 0.0051525673 0.0014710138 0.004300505 4.0191635E-6 0.0 0.0 0.0 0.0 0.0 0.0 0.0 0.0 0.0 0.0 6.8325775E-5 3.5770555E-4 0.0 0.0 1.9291985E-4 9.6459924E-5 0.0 0.0 0.0 0.0 0.0 4.0191635E-6 0.0 0.0 0.0 0.0 0.0 0.0 0.0 0.0 0.0 0.0 0.0 0.0 0.0 0.0 0.0 0.0 0.0 0.0 0.0 0.0 0.0 0.0 0.0 0.0 0.0 0.0 0.0 0.14577907 8.239285E-4 4.2201215E-4 2.5320728E-4 0.47635525 3.1349473E-4 4.8229962E-5 1.5272821E-4 0.1264469 4.0191635E-6 3.2153308E-5 0.0021623098 0.0017443169 0.0040955273 0.07355471 1.12536574E-4 7.234494E-5 0.013375776 0.0018608726 0.023773352 0.011052699 3.617247E-5 7.837369E-4 0.0 0.0066637727 6.8325775E-5 0.0 4.0191635E-6 3.617247E-5 0.0 0.0 
0.0 0.0 0.0 0.0 0.0 0.0 0.0 0.0 0.0 0.0 0.0 0.0 0.0 0.0 0.0 0.0 0.0 0.0 0.0 0.0 0.0 0.0 0.0 0.0 0.0 0.0 0.0 0.0 0.0 0.0 0.0 0.0 0.0017661273 0.0 7.258057E-5 0.0 0.0 0.0 1.3911276E-4 2.2379009E-4 0.0 3.0241905E-5 0.0 0.0 4.6874952E-4 7.62096E-4 2.4495943E-4 0.0 0.0 0.0 0.0 0.0 0.0 0.0 0.0 0.0 0.0 0.0 0.0 0.0 0.0 0.0 7.862895E-5 6.048381E-6 0.0 0.0 0.0 0.0 0.0 0.0 0.0 3.0241904E-6 3.0241904E-6 0.0 0.0 0.0 3.0241904E-6 1.5120952E-5 0.0 0.0 0.0 0.0 0.0 3.0241904E-6 0.0 0.0 3.0241904E-6 0.0 0.0 0.0 0.0 0.0 0.0 3.0241904E-6 4.2338666E-5 0.0 0.0 0.025998965 0.009502007 0.072129965 0.038035244 0.039780203 0.019539295 0.030326582 1.0282248E-4 1.5423371E-4 1.2096762E-4 0.006710679 0.051396117 0.03747577 0.2609695 0.07684468 0.009846765 0.0013124987 0.03543444 0.1237529 0.11772266 0.0012459665 0.028357834 6.955638E-5 0.0022016107 2.4193523E-5 0.0070342673 0.0 3.0241904E-6 3.0241904E-6 0.0 0.0 
0.0 0.0 0.0 0.0 0.0 0.0 0.0 0.0 0.0 0.0 0.0 0.0 0.0 0.0 0.0 0.0 0.0 0.0 0.0 0.0 0.0 0.0 0.0 0.0 0.0 0.0 0.0 0.0 0.0 0.0 0.0 0.0 0.0017395086 0.0 0.0 0.0 0.0 0.0 2.1743857E-4 0.0 0.0 2.1743857E-4 0.0 0.0 4.3487715E-4 0.0 2.1743857E-4 0.0 0.0 0.0 0.0 0.0 0.0 0.0 0.0 0.0 0.0 0.0 0.0 0.0 0.0 0.0 0.0 0.0 0.0 0.0 0.0 0.0 0.0 0.0 0.0 0.0 0.0 0.0 0.0 0.0 0.0 0.0 0.0 0.0 0.0 0.0 0.0 0.0 0.0 0.0 0.0 0.0 0.0 0.0 0.0 0.0 0.0 0.0 0.0 0.0 0.0 0.073929116 0.0010871929 0.0 0.0023918243 0.2339639 0.0 0.0 0.0 0.014133507 0.0 0.0 0.0 0.0 0.0 0.27592954 0.0 0.0 0.0 0.0 0.0 0.39530334 0.0 0.0 0.0 0.0 0.0 0.0 0.0 0.0 0.0 0.0 
0.0 0.0 0.0 0.0 0.0 0.0 0.0 0.0 0.0 0.0 0.0 0.0 0.0 0.0 0.0 0.0 0.0 0.0 0.0 0.0 0.0 0.0 0.0 0.0 0.0 0.0 0.0 0.0 0.0 0.0 0.0 0.0 0.2425672 3.054575E-4 0.0053285365 0.0 0.0 0.0 6.7879446E-5 0.0037673092 0.0 3.3939723E-4 0.0 0.0 0.030172413 0.0058036926 0.025522672 3.3939723E-5 0.0 0.0 0.0 0.0 0.0 0.0 0.0 0.0 0.0 0.0 5.769753E-4 9.84252E-4 0.0 0.0 0.0010860711 6.4485474E-4 0.0 0.0 0.0 0.0 0.0 0.0 0.0 0.0 0.0 0.0 0.0 0.0 0.0 0.0 0.0 0.0 0.0 0.0 0.0 0.0 0.0 0.0 0.0 0.0 0.0 0.0 0.0 0.0 0.0 3.3939723E-5 0.0 0.0 0.0 0.015442574 0.0013236492 2.3757806E-4 8.824328E-4 0.33905783 0.0036994298 0.0025454792 0.0027491176 0.12927641 7.806136E-4 0.0013915286 0.017716536 0.0021382025 0.07700923 0.008111594 9.84252E-4 0.0 0.00122183 0.05762965 0.0015612273 0.0025454792 3.3939723E-5 0.0032242737 0.0 0.012998914 0.0 0.0 3.3939723E-5 0.0 0.0 0.0 
0.0 0.0 0.0 0.0 0.0 0.0 0.0 0.0 0.0 0.0 0.0 0.0 0.0 0.0 0.0 0.0 0.0 0.0 0.0 0.0 0.0 0.0 0.0 0.0 0.0 0.0 0.0 0.0 0.0 0.0 0.0 0.0 0.14408784 8.875941E-5 0.0017177556 0.0 0.0 0.0 1.5663424E-4 0.0012530739 0.0 2.401725E-4 0.0 0.0 0.010149899 0.0029238393 0.0071007526 3.132685E-5 0.0 0.0 0.0 0.0 0.0 0.0 0.0 0.0 0.0 0.0 1.4619196E-4 4.2291245E-4 0.0 0.0 6.1087357E-4 2.0884565E-4 0.0 0.0 0.0 0.0 0.0 0.0 5.2211412E-6 0.0 5.2211412E-6 0.0 0.0 0.0 0.0 0.0 0.0 0.0 0.0 0.0 0.0 0.0 0.0 0.0 0.0 0.0 0.0 0.0 5.2211412E-6 0.0 0.0 0.0 0.0 0.0 0.0 0.09159449 0.001331391 0.0016759865 0.06033029 0.16208512 0.012207028 0.0011173242 4.1247017E-4 0.117162414 0.0 0.005565737 0.12461298 0.0058842264 0.0010546705 0.07211962 0.0042604515 1.04422825E-5 0.0022555331 0.024387952 0.020461652 0.023385493 0.005905111 0.0027776472 0.0 0.090101235 9.920169E-5 0.0 5.2211412E-6 3.132685E-5 5.2211412E-6 0.0 
0.0 0.0 0.0 0.0 0.0 0.0 0.0 0.0 0.0 0.0 0.0 0.0 0.0 0.0 0.0 0.0 0.0 0.0 0.0 0.0 0.0 0.0 0.0 0.0 0.0 0.0 0.0 0.0 0.0 0.0 0.0 0.0 0.118041515 1.7810866E-4 0.002181831 0.0 0.0 0.0 0.0010953683 0.0010508411 0.0 2.4935213E-4 0.0 0.0 0.012102484 0.0017810867 0.013652029 1.7810866E-5 0.0 0.0 0.0 0.0 0.0 0.0 0.0 0.0 0.0 0.0 3.2950102E-4 6.0556945E-4 0.0 0.0 4.007445E-4 3.5621732E-4 0.0 0.0 0.0 0.0 0.0 8.905433E-6 0.0 0.0 0.0 0.0 0.0 0.0 0.0 0.0 0.0 0.0 0.0 0.0 0.0 0.0 0.0 0.0 8.905433E-6 0.0 0.0 0.0 0.0 0.0 0.0 8.905433E-6 0.0 0.0 0.0 0.16434976 0.030839516 2.0482496E-4 9.795977E-5 0.257367 0.0013447204 3.473119E-4 1.335815E-4 0.096321166 0.0 8.01489E-5 0.001602978 0.029984593 0.003188145 0.10419357 0.06903492 0.0 2.938793E-4 0.030563448 3.2950102E-4 0.03943326 5.34326E-5 2.3154126E-4 0.0 0.01788211 0.0 0.0 1.7810866E-5 0.0 0.0 0.0 
0.0 0.0 0.0 0.0 0.0 0.0 0.0 0.0 0.0 0.0 0.0 0.0 0.0 0.0 0.0 0.0 0.0 0.0 0.0 0.0 0.0 0.0 0.0 0.0 0.0 0.0 0.0 0.0 0.0 0.0 0.0 0.0 0.23222357 1.3623525E-4 0.0021313247 0.0 0.0 0.0 2.8458028E-4 0.009690867 0.0 3.4815673E-4 0.0 0.0 0.014764873 0.0026762658 0.011177345 6.0548996E-6 0.0 0.0 0.0 0.0 0.0 0.0 0.0 0.0 0.0 0.0 4.359528E-4 6.539292E-4 0.0 0.0 6.5090175E-4 3.6934888E-4 0.0 3.0274498E-6 0.0 0.0 0.0 0.0 0.0 0.0 0.0 0.0 0.0 0.0 0.0 0.0 0.0 0.0 0.0 0.0 0.0 0.0 0.0 0.0 0.0 0.0 0.0 0.0 0.0 0.0 0.0 3.330195E-5 0.0 0.0 0.0 0.032081887 5.2072137E-4 0.042184487 0.14748222 0.0796401 0.0059005 0.1149553 0.0011595133 0.037628174 0.0011322662 0.0068299267 0.008171087 0.0025248933 0.010659651 0.046528876 6.32737E-4 5.328312E-4 0.0010777721 0.05075217 0.10680541 0.008331542 0.0048560295 6.5090175E-4 2.8760775E-4 0.012694097 3.3907438E-4 0.0 0.0 4.5411747E-5 0.0 0.0 
0.0 0.0 0.0 0.0 0.0 0.0 0.0 0.0 0.0 0.0 0.0 0.0 0.0 0.0 0.0 0.0 0.0 0.0 0.0 0.0 0.0 0.0 0.0 0.0 0.0 0.0 0.0 0.0 0.0 0.0 0.0 0.0 0.11289576 4.5157176E-5 5.559977E-4 0.0 0.0 0.0 3.0481094E-4 6.0115487E-4 0.0 4.5157176E-5 0.0 0.0 0.0027602324 0.0015748565 0.0015946127 0.0 2.8223235E-6 0.0 0.0 0.0 0.0 0.0 0.0 0.0 0.0 0.0 3.386788E-5 1.0724829E-4 0.0 0.0 2.4554215E-4 1.0724829E-4 0.0 0.0 0.0 0.0 0.0 0.0 0.0 0.0 0.0 0.0 0.0 0.0 0.0 0.0 0.0 0.0 0.0 0.0 0.0 0.0 0.0 0.0 0.0 0.0 0.0 0.0 0.0 2.8223235E-6 0.0 0.0 1.0160365E-4 0.0 2.8223235E-6 0.007944841 0.009784996 0.015155877 0.019341383 0.004594743 0.10995208 0.00834561 0.0020856971 0.009155617 6.265558E-4 0.008373833 0.03686801 0.057499196 0.1696555 0.028796166 0.022499563 1.12892936E-4 0.12877415 0.029606173 0.044420548 0.10196772 0.019832468 0.037494566 0.0013660046 0.004241952 5.1084056E-4 0.0 2.8223235E-6 2.8223235E-6 0.0 0.0 
0.0 0.0 0.0 0.0 0.0 0.0 0.0 0.0 0.0 0.0 0.0 0.0 0.0 0.0 0.0 0.0 0.0 0.0 0.0 0.0 0.0 0.0 0.0 0.0 0.0 0.0 0.0 0.0 0.0 0.0 0.0 0.0 0.053405177 1.3331852E-4 0.0013776247 0.0 0.0 0.0 0.0013665148 4.332852E-4 1.1109877E-5 8.887902E-5 0.0 0.0 0.005143873 9.776691E-4 0.0055327187 1.1109877E-5 0.0 0.0 0.0 0.0 0.0 0.0 0.0 0.0 0.0 0.0 8.887902E-5 3.2218642E-4 0.0 0.0 3.8884568E-4 1.3331852E-4 0.0 0.0 0.0 0.0 0.0 0.0 0.0 0.0 8.887902E-5 0.0 0.0 0.0 0.0 0.0 0.0 0.0 0.0 0.0 0.0 0.0 0.0 0.0 0.0 0.0 0.0 0.0 0.0 0.0 0.0 1.1109877E-5 0.0 0.0 0.0 0.11244306 1.8886791E-4 9.998889E-5 9.998889E-5 0.18390179 5.777136E-4 1.7775803E-4 0.030263305 0.05244973 5.5549383E-5 3.4440617E-4 0.10216643 0.006754805 2.5552715E-4 0.12860793 0.0575936 0.0 0.15670481 0.021819798 0.03360738 0.03809577 0.0 4.777247E-4 0.0 0.003688479 0.0 0.0 1.1109877E-5 9.998889E-5 0.0 0.0 
0.0 0.0 0.0 0.0 0.0 0.0 0.0 0.0 0.0 0.0 0.0 0.0 0.0 0.0 0.0 0.0 0.0 0.0 0.0 0.0 0.0 0.0 0.0 0.0 0.0 0.0 0.0 0.0 0.0 0.0 0.0 0.0 0.0010388531 0.0 0.0 0.0 0.0 0.0 0.0018699355 2.0777062E-4 0.0 0.0 0.0 0.0 2.0777062E-4 0.0 0.0 0.0 0.0 0.0 0.0 0.0 0.0 0.0 0.0 0.0 0.0 0.0 0.0 0.0 2.0777062E-4 0.0 4.1554123E-4 0.0 0.0 0.0 0.0 0.0 0.0 0.0 0.0 0.0 0.0 0.0 0.0 0.0 0.0 0.0 0.0 0.0 0.0 0.0 0.0 0.0 0.0 0.0 0.0 0.0 0.0 0.0 0.0 0.0 0.0 0.0 0.0 0.0 0.0 0.0 0.0 0.0 0.0 0.0 0.0 0.0 0.0 0.0 0.0 0.0 0.002701018 0.0 0.0 0.0 0.0 0.0 0.0 0.0 0.0 0.9908581 2.0777062E-4 2.0777062E-4 0.0 0.0 0.0 0.0 0.0 4.1554123E-4 0.0 0.0 
0.0 0.0 0.0 0.0 0.0 0.0 0.0 0.0 0.0 0.0 0.0 0.0 0.0 0.0 0.0 0.0 0.0 0.0 0.0 0.0 0.0 0.0 0.0 0.0 0.0 0.0 0.0 0.0 0.0 0.0 0.0 0.0 0.1745815 7.374605E-5 0.0017909756 0.0 0.0 0.0 0.0038347947 0.002517901 0.0 3.546834E-4 0.0 0.0 0.01364302 0.0029428187 0.009734479 2.8093735E-5 0.0 0.0 0.0 0.0 0.0 0.0 0.0 0.0 0.0 0.0 1.8963272E-4 5.58363E-4 0.0 0.0 5.408044E-4 3.0903108E-4 0.0 0.0 0.0 0.0 0.0 0.0 0.0 0.0 0.0 0.0 0.0 0.0 0.0 0.0 0.0 0.0 0.0 0.0 0.0 0.0 0.0 0.0 0.0 0.0 0.0 0.0 0.0 0.0 0.0 7.0234337E-6 0.0 0.0 0.0 0.08015494 0.003409877 0.0132602425 0.024915632 0.23079003 0.003982287 0.011932814 0.0019454912 0.08602653 2.1070302E-5 0.012298033 0.013021446 0.020322306 0.021358263 0.091178216 0.005443161 1.4398039E-4 0.014531484 0.054196324 0.04512205 0.01509687 0.007855711 0.0015170617 5.9699185E-5 0.030137554 1.1939837E-4 0.0 0.0 3.8628885E-5 0.0 0.0 
0.0 0.0 0.0 0.0 0.0 0.0 0.0 0.0 0.0 0.0 0.0 0.0 0.0 0.0 0.0 0.0 0.0 0.0 0.0 0.0 0.0 0.0 0.0 0.0 0.0 0.0 0.0 0.0 0.0 0.0 0.0 0.0 0.35320428 1.7782848E-4 0.0041336734 0.0 0.0 0.0 0.0020399946 0.0017480875 3.3552544E-6 6.911824E-4 0.0 0.0 0.034223594 0.0027009798 0.027935848 1.6776272E-5 0.0 3.3552544E-6 0.0 0.0 0.0 0.0 0.0 0.0 0.0 0.0 0.0012783519 0.0016944035 0.0 0.0 0.0013387465 8.186821E-4 0.0 0.0 0.0 0.0 0.0 0.0 0.0 0.0 0.0 0.0 0.0 0.0 0.0 0.0 0.0 0.0 0.0 0.0 0.0 0.0 0.0 0.0 0.0 0.0 0.0 0.0 0.0 0.0 0.0 6.0394577E-5 0.0 0.0 0.0 0.026640719 0.0011407865 0.016373642 8.857871E-4 0.103382096 0.001768219 1.9460476E-4 0.04015904 0.06396457 6.710509E-6 0.005948866 0.008384781 0.008227084 0.002798282 0.0431989 0.021638036 0.0011441418 4.0598577E-4 0.04782244 0.13144208 0.033069387 1.2749966E-4 0.0035397934 0.0 0.005552946 6.710509E-6 0.0 3.3552544E-6 9.0591864E-5 0.0 0.0 
0.0 0.0 0.0 0.0 0.0 0.0 0.0 0.0 0.0 0.0 0.0 0.0 0.0 0.0 0.0 0.0 0.0 0.0 0.0 0.0 0.0 0.0 0.0 0.0 0.0 0.0 0.0 0.0 0.0 0.0 0.0 0.0 0.19691741 1.0695187E-4 0.002150921 0.0 0.0 0.0 6.4646464E-4 0.0025216874 0.0 2.923351E-4 0.0 0.0 0.011020796 0.0022079619 0.009813429 0.0 0.0 0.0 0.0 0.0 0.0 0.0 0.0 0.0 0.0 0.0 2.7094473E-4 5.918004E-4 0.0 0.0 5.490196E-4 4.1117053E-4 0.0 0.0 0.0 0.0 0.0 0.0 0.0 0.0 0.0 0.0 0.0 0.0 0.0 0.0 0.0 0.0 0.0 0.0 0.0 0.0 0.0 0.0 0.0 0.0 0.0 0.0 0.0 0.0 0.0 1.1883541E-5 0.0 0.0 0.0 0.04415211 2.7094473E-4 0.0037195485 1.3547236E-4 0.10065835 7.3440286E-4 1.734997E-4 0.28955913 0.10119311 0.0 3.802733E-5 0.010265003 0.0026286393 7.439097E-4 0.094997026 2.2578728E-4 0.0 0.033423647 0.02768865 0.017368983 0.019691028 0.0 0.0064884135 0.0 0.017896613 3.6601306E-4 0.0 0.0 4.5157456E-5 0.0 0.0 
0.0 0.0 0.0 0.0 0.0 0.0 0.0 0.0 0.0 0.0 0.0 0.0 0.0 0.0 0.0 0.0 0.0 0.0 0.0 0.0 0.0 0.0 0.0 0.0 0.0 0.0 0.0 0.0 0.0 0.0 0.0 0.0 0.025103873 0.0 0.0012369565 0.0 0.0 0.0 5.5504457E-5 0.0028703732 0.0 5.5504457E-5 0.0 0.0 0.0011893812 1.1893812E-4 6.898411E-4 0.0 0.0 0.0 0.0 0.0 0.0 0.0 0.0 0.0 0.0 0.0 0.0 7.929208E-6 0.0 0.0 4.2024802E-4 1.6651338E-4 0.0 0.0 0.0 0.0 0.0 0.0 0.0 0.0 7.929208E-6 0.0 0.0 7.929208E-6 0.0 0.0 0.0 0.0 0.0 0.0 0.0 0.0 0.0 0.0 7.929208E-6 0.0 0.0 0.0 0.0 0.0 0.0 0.0 9.51505E-5 0.0 0.0 0.034825083 0.025777856 0.049034223 0.026435979 0.038607314 0.005447366 0.042698786 4.1231883E-4 0.030051699 2.1408862E-4 6.3433667E-4 0.10246123 0.036751878 0.11533826 0.0032113292 0.04227061 6.343366E-5 0.1464604 0.13183102 0.1303086 2.6959306E-4 7.4534555E-4 7.929208E-6 0.0013479653 0.0017444257 9.2771737E-4 0.0 7.929208E-6 0.0 0.0 0.0 
0.0 0.0 0.0 0.0 0.0 0.0 0.0 0.0 0.0 0.0 0.0 0.0 0.0 0.0 0.0 0.0 0.0 0.0 0.0 0.0 0.0 0.0 0.0 0.0 0.0 0.0 0.0 0.0 0.0 0.0 0.0 0.0 0.0027000546 0.0 2.1774633E-5 0.0 0.0 0.0 0.0020250408 4.7904192E-4 0.0 0.0 0.0 0.0 7.8388676E-4 4.3549266E-5 1.306478E-4 0.0 0.0 0.0 0.0 0.0 0.0 0.0 0.0 0.0 0.0 0.0 2.1774633E-5 0.0 0.0 0.0 2.1774633E-5 0.0 0.0 0.0 0.0 0.0 0.0 0.0 0.0 0.0 0.0 0.0 0.0 0.0 0.0 0.0 0.0 0.0 0.0 0.0 0.0 0.0 0.0 0.0 0.0 0.0 0.0 0.0 0.0 0.0 0.0 0.0 0.0 0.0 0.0 0.08971149 0.0 2.1774633E-5 1.306478E-4 0.66131735 0.0 0.0 0.0 0.18462712 0.0 2.1774633E-5 0.0 0.0 2.1774633E-5 0.04968971 2.1774633E-5 0.0 4.7904192E-4 9.1453455E-4 0.0 0.001720196 2.1774633E-5 0.0 0.0 0.004855743 2.1774633E-5 0.0 0.0 0.0 0.0 0.0 
0.0 0.0 0.0 0.0 0.0 0.0 0.0 0.0 0.0 0.0 0.0 0.0 0.0 0.0 0.0 0.0 0.0 0.0 0.0 0.0 0.0 0.0 0.0 0.0 0.0 0.0 0.0 0.0 0.0 0.0 0.0 0.0 0.09180185 1.6910868E-4 0.0017997995 0.0 0.0 0.0 2.4158382E-5 4.9524684E-4 0.0 8.455434E-5 0.0 0.0 0.0076944446 0.0019930666 0.005181973 0.0 0.0 0.0 0.0 0.0 0.0 0.0 0.0 0.0 0.0 0.0 2.5366302E-4 2.0534625E-4 0.0 0.0 2.6574222E-4 3.2613816E-4 0.0 0.0 0.0 0.0 0.0 0.0 0.0 0.0 0.0 0.0 0.0 0.0 0.0 0.0 0.0 0.0 0.0 0.0 0.0 0.0 0.0 0.0 0.0 0.0 0.0 0.0 0.0 0.0 0.0 1.2079191E-5 0.0 0.0 0.0 0.21545653 7.972266E-4 2.6574222E-4 0.0023554424 0.15268098 5.556428E-4 2.4158382E-5 0.15615979 0.16945897 0.0 7.2475144E-4 0.0064140507 6.1603874E-4 0.042881127 0.108048365 6.522763E-4 0.0 0.014253446 0.013794436 0.002403759 9.180185E-4 0.0 2.4158382E-5 0.0 0.0011233648 1.2079191E-5 0.0 0.0 2.4158382E-5 0.0 0.0 
0.0 0.0 0.0 0.0 0.0 0.0 0.0 0.0 0.0 0.0 0.0 0.0 0.0 0.0 0.0 0.0 0.0 0.0 0.0 0.0 0.0 0.0 0.0 0.0 0.0 0.0 0.0 0.0 0.0 0.0 0.0 0.0 0.11033142 0.0 0.0018352586 0.0 0.0 0.0 6.477383E-4 0.0030227788 0.0 5.3978193E-4 0.0 0.0 0.0125229405 0.009716075 0.0077728597 0.0 0.0 0.0 0.0 0.0 0.0 0.0 0.0 0.0 0.0 0.0 2.1591278E-4 0.0 0.0 0.0 7.556947E-4 1.0795639E-4 0.0 0.0 0.0 0.0 0.0 0.0 0.0 0.0 0.0 0.0 0.0 0.0 0.0 0.0 0.0 0.0 1.0795639E-4 0.0 0.0 0.0 0.0 0.0 0.0 0.0 0.0 0.0 0.0 0.0 0.0 0.0 0.0 0.0 0.0 0.09305841 1.0795639E-4 0.09683688 0.0 0.06876822 0.0021591277 0.0 0.01403433 0.11087121 0.0 0.0 0.0023750404 1.0795639E-4 2.1591278E-4 0.013494548 0.25931123 7.556947E-4 7.556947E-4 2.1591278E-4 0.163338 0.013818418 1.0795639E-4 0.0015113894 0.0 0.00896038 0.0 0.0 0.0 2.1591278E-4 0.0 0.0 
0.0 0.0 0.0 0.0 0.0 0.0 0.0 0.0 0.0 0.0 0.0 0.0 0.0 0.0 0.0 0.0 0.0 0.0 0.0 0.0 0.0 0.0 0.0 0.0 0.0 0.0 0.0 0.0 0.0 0.0 0.0 0.0 0.6177809 3.6456893E-4 0.008259372 0.0 0.0 0.0 8.79994E-5 0.009252508 0.0 0.0010057074 0.0 0.0 0.057086464 0.010220502 0.043710556 7.5428055E-5 0.0 0.0 0.0 0.0 0.0 0.0 0.0 0.0 0.0 0.0 0.0011439922 0.0024514117 0.0 0.0 0.0022879844 0.0015462751 0.0 0.0 0.0 0.0 0.0 0.0 0.0 0.0 0.0 0.0 0.0 0.0 0.0 0.0 0.0 0.0 0.0 0.0 0.0 0.0 0.0 0.0 0.0 0.0 0.0 0.0 0.0 0.0 0.0 1.0057074E-4 0.0 0.0 0.0 0.0069896663 0.004223971 0.0040982575 0.002086843 0.051567648 4.2742564E-4 9.55422E-4 6.159958E-4 0.015777035 1.2571342E-5 4.77711E-4 0.006574812 0.010723355 0.0055313907 0.06457899 0.008975939 0.0 0.0052045356 0.04147286 0.009994217 3.1428356E-4 6.2856714E-5 0.0030296936 0.0 2.5142685E-5 6.9142383E-4 0.0 0.0 2.0114148E-4 0.0 0.0 
0.0 0.0 0.0 0.0 0.0 0.0 0.0 0.0 0.0 0.0 0.0 0.0 0.0 0.0 0.0 0.0 0.0 0.0 0.0 0.0 0.0 0.0 0.0 0.0 0.0 0.0 0.0 0.0 0.0 0.0 0.0 0.0 0.04227941 0.0 0.002757353 0.0 0.0 0.0 0.0022977942 0.0013786765 0.0 0.0 0.0 0.0 0.012178309 0.0029871324 0.0052849264 0.0 0.0 0.0 0.0 0.0 0.0 0.0 0.0 0.0 0.0 0.0 0.0 4.5955883E-4 0.0 0.0 0.0 2.2977941E-4 0.0 0.0 0.0 0.0 0.0 0.0 0.0 0.0 0.0 0.0 0.0 0.0 0.0 0.0 0.0 0.0 0.0 0.0 0.0 0.0 0.0 0.0 0.0 0.0 0.0 0.0 0.0 0.0 0.0 0.0 0.0 0.0 0.0 0.17830883 0.0018382353 0.0 0.0 0.4496783 2.2977941E-4 0.0013786765 4.5955883E-4 0.105698526 0.0 0.0029871324 0.024586396 2.2977941E-4 0.0 0.04756434 0.0 0.0 0.0 2.2977941E-4 4.5955883E-4 0.0052849264 0.0018382353 2.2977941E-4 0.0 0.025965074 0.07973345 0.0 0.0 2.2977941E-4 0.0 0.0 
0.0 0.0 0.0 0.0 0.0 0.0 0.0 0.0 0.0 0.0 0.0 0.0 0.0 0.0 0.0 0.0 0.0 0.0 0.0 0.0 0.0 0.0 0.0 0.0 0.0 0.0 0.0 0.0 0.0 0.0 0.0 0.0 0.0 0.0 0.03374233 0.0 0.0 0.0 0.0 0.0 0.0 0.0 0.0 0.0 0.0 0.0 0.0 0.0 0.0 0.0 0.0030674846 0.0 0.0 0.0 0.0 0.0 0.0 0.0 0.0 0.0 0.0 0.0 0.0 0.0 0.0 0.058282208 0.024539877 0.058282208 0.027607363 0.0 0.0 0.0 0.030674847 0.061349694 0.0 0.0030674846 0.021472393 0.11042945 0.021472393 0.0030674846 0.0797546 0.0030674846 0.036809817 0.049079753 0.12269939 0.0030674846 0.006134969 0.021472393 0.0 0.0030674846 0.0 0.0 0.0 0.0 0.0 0.0 0.0 0.0 0.0030674846 0.0030674846 0.0030674846 0.0030674846 0.018404908 0.0030674846 0.0030674846 0.0 0.0 0.0 0.0030674846 0.0 0.0030674846 0.0030674846 0.024539877 0.006134969 0.015337423 0.006134969 0.0 0.0 0.0 0.0030674846 0.0 0.0 0.0 0.0 0.0 0.0 0.0 0.0 
0.0 0.0 0.0 0.0 0.0 0.0 0.0 0.0 0.0 0.0 0.0 0.0 0.0 0.0 0.0 0.0 0.0 0.0 0.0 0.0 0.0 0.0 0.0 0.0 0.0 0.0 0.0 0.0 0.0 0.0 0.0 0.0 0.0 0.0 0.0 0.0 0.0 0.0 0.0 0.0 0.0 0.0 0.0 0.0 0.0 0.0 0.0 0.0 0.0 0.0 0.0 0.0 0.0 0.0 0.0 0.0 0.0 0.0 0.0 0.0 0.0 0.0 0.0 0.0 0.0 0.0 0.0 0.0 0.0 0.0 0.0 0.0 0.0 0.0 0.0 0.0 0.0 0.0 0.0 0.0 0.0 0.0 0.0 0.0 0.0 0.0 0.0 0.0 0.0 0.0 0.0 0.0 0.0 0.0 0.0 0.0 0.0 0.1923077 0.025641026 0.012820513 0.0 0.0 0.12820514 0.012820513 0.012820513 0.012820513 0.025641026 0.012820513 0.08974359 0.15384616 0.0 0.012820513 0.025641026 0.012820513 0.012820513 0.06410257 0.0 0.012820513 0.0 0.0 0.0 0.0 0.0 0.0 0.0 0.0 0.0 0.0 
0.0 0.0 0.0 0.0 0.0 0.0 0.0 0.0 0.0 0.0 0.0 0.0 0.0 0.0 0.0 0.0 0.0 0.0 0.0 0.0 0.0 0.0 0.0 0.0 0.0 0.0 0.0 0.0 0.0 0.0 0.0 0.0 0.72036475 0.0030395137 0.0 0.0 0.0 0.0 0.0030395137 0.0 0.0 0.0030395137 0.0 0.0 0.10030395 0.0030395137 0.12765957 0.0 0.0 0.0 0.0 0.0 0.0 0.0 0.0 0.0 0.0 0.0 0.0 0.0 0.0 0.0 0.0 0.0 0.0 0.0 0.0 0.0 0.0 0.0 0.0 0.0 0.0 0.0 0.0 0.0 0.0 0.0 0.0 0.0 0.0 0.0 0.0 0.0 0.0 0.0 0.0 0.0 0.0 0.0 0.0 0.0 0.0 0.0 0.0 0.0 0.0 0.0 0.0 0.0 0.0 0.0 0.0 0.0 0.0 0.0 0.0 0.0 0.0 0.0 0.0030395137 0.0030395137 0.0 0.0 0.0030395137 0.0 0.0030395137 0.0 0.0 0.0 0.0 0.0 0.0 0.0 0.0 0.0 0.0 0.0 
0.0 0.0 0.0 0.0 0.0 0.0 0.0 0.0 0.0 0.0 0.0 0.0 0.0 0.0 0.0 0.0 0.0 0.0 0.0 0.0 0.0 0.0 0.0 0.0 0.0 0.0 0.0 0.0 0.0 0.0 0.0 0.0 0.0 0.0 0.0 0.0 0.0 0.0 0.0 0.0 4.2900044E-4 0.0 0.0 4.2900044E-4 0.0 0.0 0.0 0.0 0.0 0.0 4.2900044E-4 8.580009E-4 0.0 4.2900044E-4 0.0 4.2900044E-4 0.0 4.2900044E-4 0.0 0.0 0.2024882 0.0 0.0 0.0 4.2900044E-4 0.08451308 0.054912057 0.047190048 0.035178035 0.014586015 0.02059202 0.012012012 0.008151008 0.018018018 0.0034320035 0.009438009 0.008151008 0.01973402 0.04075504 0.013728014 0.019305019 4.2900044E-4 0.024024025 0.05190905 0.043758042 0.018018018 0.013728014 0.014157014 0.0085800085 0.005148005 0.0038610038 8.580009E-4 0.01844702 0.0 0.0 0.0 0.0 0.0038610038 0.006864007 0.017589018 0.0021450021 0.0038610038 0.0055770054 0.0047190045 0.03217503 0.0 4.2900044E-4 0.0021450021 0.017160017 0.027456028 4.2900044E-4 4.2900044E-4 0.015444015 0.0 0.0055770054 4.2900044E-4 0.0 0.0 4.2900044E-4 4.2900044E-4 4.2900044E-4 8.580009E-4 0.0 0.003003003 0.022308022 0.0 0.0 0.0 
0.0 0.0 0.0 0.0 0.0 0.0 0.0 0.0 0.0 0.0 0.0 0.0 0.0 0.0 0.0 0.0 0.0 0.0 0.0 0.0 0.0 0.0 0.0 0.0 0.0 0.0 0.0 0.0 0.0 0.0 0.0 0.0 0.0 0.0 0.0 0.0 0.0 0.0 0.0 0.0 0.0 0.0 0.0 0.0 0.0 0.0 0.0 0.0 0.0 0.0 0.0 0.0 0.0 0.0 0.0 0.0 0.0 0.0 0.0 0.0 0.0 0.0 0.0 0.0 0.0 0.0 0.0 0.0 0.0 0.0 0.0 0.0 0.0 0.0 0.0 0.0 0.0 0.0 0.0 0.0 0.0 0.0 0.0 0.0 0.0 0.0 0.0 0.0 0.0 0.0 0.0 0.0 0.0 0.0 0.0 0.0 0.0 0.0 0.0 0.0 0.0 0.0 0.0 0.0 0.0 0.0 0.0 0.0 0.0 0.0 0.0 0.0 0.0 0.0 0.0 0.0 0.0 0.0 0.0 0.0 0.0 0.0 0.0 0.0 0.0 0.0 0.0 0.0 
